res,clim,lulc,J_frozen2020,J_frozen2020_flood,J_frozen2020_short
BUL,access1-0_rcp45_r1i1p1,FORE-SCE-A1B,22276218914.09026,12926982140.57188,9349236773.518377
BUL,access1-0_rcp45_r1i1p1,FORE-SCE-A2,20531624391.494194,12700715150.956108,7830909240.538084
BUL,access1-0_rcp45_r1i1p1,FORE-SCE-B1,19883619389.31928,13233867917.113968,6649751472.205311
BUL,access1-0_rcp45_r1i1p1,GCAM-26,31122321464.67254,12218881269.198345,18903440195.474194
BUL,access1-0_rcp45_r1i1p1,GCAM-45,25390643208.70677,12573029679.788158,12817613528.91862
BUL,access1-0_rcp45_r1i1p1,GCAM-ref,22239154110.453438,12842454001.868544,9396700108.58489
BUL,access1-0_rcp45_r1i1p1,LUCAS-BAU_High-0001,17578081054.628193,12150785172.143978,5427295882.484216
BUL,access1-0_rcp45_r1i1p1,LUCAS-BAU_High-0002,16611014136.3595,11061075654.755335,5549938481.604174
BUL,access1-0_rcp85_r1i1p1,FORE-SCE-A1B,23185427119.62152,2515629923.689845,20669797195.931675
BUL,access1-0_rcp85_r1i1p1,FORE-SCE-A2,20196726895.852192,1996397961.8585954,18200328933.9936
BUL,access1-0_rcp85_r1i1p1,FORE-SCE-B1,18354388402.70976,2719739242.1027403,15634649160.607016
BUL,access1-0_rcp85_r1i1p1,GCAM-26,39255263201.54927,2408147691.3478203,36847115510.201454
BUL,access1-0_rcp85_r1i1p1,GCAM-45,29137846880.233288,2474384895.809944,26663461984.423344
BUL,access1-0_rcp85_r1i1p1,GCAM-ref,23175880307.68624,2515649081.0464616,20660231226.639774
BUL,access1-0_rcp85_r1i1p1,LUCAS-BAU_High-0001,16351435359.170387,2568519290.2280526,13782916068.942333
BUL,access1-0_rcp85_r1i1p1,LUCAS-BAU_High-0002,16188287454.458448,2631262047.3240404,13557025407.134409
BUL,bcc-csm1-1-m_rcp45_r1i1p1,FORE-SCE-A1B,32691988735.415604,13271217999.99999,19420770735.41563
BUL,bcc-csm1-1-m_rcp45_r1i1p1,FORE-SCE-A2,30276029791.142044,13271217999.99999,17004811791.14205
BUL,bcc-csm1-1-m_rcp45_r1i1p1,FORE-SCE-B1,28444262014.36219,13271218000.0,15173044014.36219
BUL,bcc-csm1-1-m_rcp45_r1i1p1,GCAM-26,45893858619.38124,12989923936.05975,32903934683.32149
BUL,bcc-csm1-1-m_rcp45_r1i1p1,GCAM-45,37502365395.63523,13271217999.999994,24231147395.63525
BUL,bcc-csm1-1-m_rcp45_r1i1p1,GCAM-ref,32742492364.068066,13271217999.99999,19471274364.068077
BUL,bcc-csm1-1-m_rcp45_r1i1p1,LUCAS-BAU_High-0001,26327406078.061577,13271217999.999992,13056188078.061565
BUL,bcc-csm1-1-m_rcp45_r1i1p1,LUCAS-BAU_High-0002,26606124233.033825,13271218000.000006,13334906233.033821
BUL,bcc-csm1-1-m_rcp85_r1i1p1,FORE-SCE-A1B,94914142289.24269,70424638343.25766,24489503945.985058
BUL,bcc-csm1-1-m_rcp85_r1i1p1,FORE-SCE-A2,95014518205.65543,72761833827.31886,22252684378.336567
BUL,bcc-csm1-1-m_rcp85_r1i1p1,FORE-SCE-B1,90313443044.13615,71034428642.32042,19279014401.815735
BUL,bcc-csm1-1-m_rcp85_r1i1p1,GCAM-26,103160686606.3804,60559157310.17601,42601529296.20435
BUL,bcc-csm1-1-m_rcp85_r1i1p1,GCAM-45,101347504707.7106,70176987382.59479,31170517325.11581
BUL,bcc-csm1-1-m_rcp85_r1i1p1,GCAM-ref,89725737818.58691,65714998484.591805,24010739333.995132
BUL,bcc-csm1-1-m_rcp85_r1i1p1,LUCAS-BAU_High-0001,81175536300.76294,65126807202.19907,16048729098.563847
BUL,bcc-csm1-1-m_rcp85_r1i1p1,LUCAS-BAU_High-0002,81511447474.7998,65064524690.56574,16446922784.234093
BUL,bcc-csm1-1_rcp26_r1i1p1,FORE-SCE-A1B,43798127956.416664,27835589632.739548,15962538323.67714
BUL,bcc-csm1-1_rcp26_r1i1p1,FORE-SCE-A2,41692138356.65686,28307788128.006344,13384350228.650518
BUL,bcc-csm1-1_rcp26_r1i1p1,FORE-SCE-B1,38252485534.93122,26411760849.588276,11840724685.342957
BUL,bcc-csm1-1_rcp26_r1i1p1,GCAM-26,57170386713.16042,27559319791.334488,29611066921.825912
BUL,bcc-csm1-1_rcp26_r1i1p1,GCAM-45,48642167202.71059,27491667324.376987,21150499878.33359
BUL,bcc-csm1-1_rcp26_r1i1p1,GCAM-ref,43669587050.30039,27726856556.602234,15942730493.698168
BUL,bcc-csm1-1_rcp26_r1i1p1,LUCAS-BAU_High-0001,39284615753.6623,29259477369.617924,10025138384.044363
BUL,bcc-csm1-1_rcp26_r1i1p1,LUCAS-BAU_High-0002,38136312092.01403,27645763855.401905,10490548236.61213
BUL,bcc-csm1-1_rcp45_r1i1p1,FORE-SCE-A1B,34373412101.06186,10719541806.107561,23653870294.954285
BUL,bcc-csm1-1_rcp45_r1i1p1,FORE-SCE-A2,29867327175.65249,9161622724.13701,20705704451.515484
BUL,bcc-csm1-1_rcp45_r1i1p1,FORE-SCE-B1,26900855422.18284,8397495824.486594,18503359597.696247
BUL,bcc-csm1-1_rcp45_r1i1p1,GCAM-26,49802130330.821175,10282370432.64936,39519759898.17183
BUL,bcc-csm1-1_rcp45_r1i1p1,GCAM-45,39762794991.67557,10081434558.444937,29681360433.230637
BUL,bcc-csm1-1_rcp45_r1i1p1,GCAM-ref,32161471399.247803,8869206674.869705,23292264724.378086
BUL,bcc-csm1-1_rcp45_r1i1p1,LUCAS-BAU_High-0001,25022975389.469997,9067472325.5345,15955503063.935503
BUL,bcc-csm1-1_rcp45_r1i1p1,LUCAS-BAU_High-0002,27964693095.01067,11362070007.529564,16602623087.481096
BUL,bcc-csm1-1_rcp60_r1i1p1,FORE-SCE-A1B,46509268402.15069,35472783764.57696,11036484637.573717
BUL,bcc-csm1-1_rcp60_r1i1p1,FORE-SCE-A2,48709854127.6323,39848286603.58252,8861567524.049765
BUL,bcc-csm1-1_rcp60_r1i1p1,FORE-SCE-B1,47578846163.19293,39886826314.66616,7692019848.526745
BUL,bcc-csm1-1_rcp60_r1i1p1,GCAM-26,55296820576.966515,33661470274.868145,21635350302.098362
BUL,bcc-csm1-1_rcp60_r1i1p1,GCAM-45,49222688183.83449,34114176058.675774,15108512125.158724
BUL,bcc-csm1-1_rcp60_r1i1p1,GCAM-ref,46483905057.47969,35203101394.71803,11280803662.761675
BUL,bcc-csm1-1_rcp60_r1i1p1,LUCAS-BAU_High-0001,45467785870.74051,39004482547.506905,6463303323.233635
BUL,bcc-csm1-1_rcp60_r1i1p1,LUCAS-BAU_High-0002,47058510170.28766,40436662048.070724,6621848122.216927
BUL,bcc-csm1-1_rcp85_r1i1p1,FORE-SCE-A1B,130661108043.54234,105079948998.49374,25581159045.04861
BUL,bcc-csm1-1_rcp85_r1i1p1,FORE-SCE-A2,127697646129.76018,105255041934.08557,22442604195.674633
BUL,bcc-csm1-1_rcp85_r1i1p1,FORE-SCE-B1,124947406931.45943,105300016385.00348,19647390546.45594
BUL,bcc-csm1-1_rcp85_r1i1p1,GCAM-26,144809702514.52115,103201932445.27808,41607770069.243095
BUL,bcc-csm1-1_rcp85_r1i1p1,GCAM-45,134776727912.7442,103484843349.20334,31291884563.540836
BUL,bcc-csm1-1_rcp85_r1i1p1,GCAM-ref,129111585510.68222,104157540112.29419,24954045398.388058
BUL,bcc-csm1-1_rcp85_r1i1p1,LUCAS-BAU_High-0001,122679865345.15994,105707654121.9487,16972211223.211203
BUL,bcc-csm1-1_rcp85_r1i1p1,LUCAS-BAU_High-0002,122920084323.75978,105452544181.47395,17467540142.285828
BUL,canesm2_rcp26_r1i1p1,FORE-SCE-A1B,162278931252.8908,142266538742.49512,20012392510.39572
BUL,canesm2_rcp26_r1i1p1,FORE-SCE-A2,151380235379.77698,133985455790.23364,17394779589.54334
BUL,canesm2_rcp26_r1i1p1,FORE-SCE-B1,149144734249.24475,133573105573.40068,15571628675.844097
BUL,canesm2_rcp26_r1i1p1,GCAM-26,166965855786.35437,133052086067.46059,33913769718.893833
BUL,canesm2_rcp26_r1i1p1,GCAM-45,159526706440.6438,134159970597.29298,25366735843.35083
BUL,canesm2_rcp26_r1i1p1,GCAM-ref,153086295370.33612,132913802426.28258,20172492944.05357
BUL,canesm2_rcp26_r1i1p1,LUCAS-BAU_High-0001,147221465624.57245,133693774336.91916,13527691287.6532
BUL,canesm2_rcp26_r1i1p1,LUCAS-BAU_High-0002,146715389963.7888,132827972866.6085,13887417097.180283
BUL,canesm2_rcp45_r1i1p1,FORE-SCE-A1B,131149707931.7037,105978309856.75136,25171398074.952366
BUL,canesm2_rcp45_r1i1p1,FORE-SCE-A2,128183560924.42928,106097404845.64583,22086156078.783413
BUL,canesm2_rcp45_r1i1p1,FORE-SCE-B1,126088756221.65335,106142999814.06445,19945756407.588844
BUL,canesm2_rcp45_r1i1p1,GCAM-26,146577794084.43515,105631354022.59187,40946440061.84329
BUL,canesm2_rcp45_r1i1p1,GCAM-45,137183344719.71716,105834679336.83073,31348665382.88644
BUL,canesm2_rcp45_r1i1p1,GCAM-ref,131358742272.94489,105976370916.2712,25382371356.673733
BUL,canesm2_rcp45_r1i1p1,LUCAS-BAU_High-0001,123778522825.09233,106230783071.07274,17547739754.01961
BUL,canesm2_rcp45_r1i1p1,LUCAS-BAU_High-0002,124164525732.68643,106213528119.24707,17950997613.43935
BUL,canesm2_rcp85_r1i1p1,FORE-SCE-A1B,560220890181.3213,531705732958.0493,28515157223.27184
BUL,canesm2_rcp85_r1i1p1,FORE-SCE-A2,554400080750.6157,529171192479.7667,25228888270.84894
BUL,canesm2_rcp85_r1i1p1,FORE-SCE-B1,554489569047.9161,531705506955.7771,22784062092.13899
BUL,canesm2_rcp85_r1i1p1,GCAM-26,571197285857.9246,524752846915.54425,46444438942.38042
BUL,canesm2_rcp85_r1i1p1,GCAM-45,562348814170.0117,526828087085.5646,35520727084.44717
BUL,canesm2_rcp85_r1i1p1,GCAM-ref,557135386019.9023,528479799702.83765,28655586317.064762
BUL,canesm2_rcp85_r1i1p1,LUCAS-BAU_High-0001,550647003243.1351,530830937021.54816,19816066221.587055
BUL,canesm2_rcp85_r1i1p1,LUCAS-BAU_High-0002,550962075831.178,530694426150.7294,20267649680.448647
BUL,ccsm4_rcp26_r1i1p1,FORE-SCE-A1B,57107281518.991264,40332313470.478546,16774968048.51269
BUL,ccsm4_rcp26_r1i1p1,FORE-SCE-A2,55320579316.882515,40272828071.49433,15047751245.388191
BUL,ccsm4_rcp26_r1i1p1,FORE-SCE-B1,53797374861.07716,40458943769.240395,13338431091.836782
BUL,ccsm4_rcp26_r1i1p1,GCAM-26,69278211723.1973,40250966504.12846,29027245219.068832
BUL,ccsm4_rcp26_r1i1p1,GCAM-45,63004002111.91359,40912314680.031876,22091687431.881718
BUL,ccsm4_rcp26_r1i1p1,GCAM-ref,57814912736.713646,40528734812.56402,17286177924.14962
BUL,ccsm4_rcp26_r1i1p1,LUCAS-BAU_High-0001,52166824134.03924,40804506740.67604,11362317393.363201
BUL,ccsm4_rcp26_r1i1p1,LUCAS-BAU_High-0002,53407608475.94031,41774976844.80768,11632631631.132618
BUL,ccsm4_rcp45_r1i1p1,FORE-SCE-A1B,54878023009.72264,33149651477.561806,21728371532.160828
BUL,ccsm4_rcp45_r1i1p1,FORE-SCE-A2,52672359855.48407,32819870149.476868,19852489706.007214
BUL,ccsm4_rcp45_r1i1p1,FORE-SCE-B1,50824047958.95078,33828412641.05007,16995635317.900719
BUL,ccsm4_rcp45_r1i1p1,GCAM-26,69236174713.16087,32597016616.177345,36639158096.98351
BUL,ccsm4_rcp45_r1i1p1,GCAM-45,60476358932.66994,33094347755.24643,27382011177.42352
BUL,ccsm4_rcp45_r1i1p1,GCAM-ref,56630124792.38119,32909090980.26301,23721033812.118183
BUL,ccsm4_rcp45_r1i1p1,LUCAS-BAU_High-0001,49632376778.73343,33915760892.01764,15716615886.7158
BUL,ccsm4_rcp45_r1i1p1,LUCAS-BAU_High-0002,49192549941.72088,34105211384.96144,15087338556.759422
BUL,ccsm4_rcp60_r1i1p1,FORE-SCE-A1B,111248542824.48123,95724243716.4049,15524299108.076315
BUL,ccsm4_rcp60_r1i1p1,FORE-SCE-A2,111007353113.91528,97509340245.34038,13498012868.57495
BUL,ccsm4_rcp60_r1i1p1,FORE-SCE-B1,102978657405.90384,91125237582.73218,11853419823.171658
BUL,ccsm4_rcp60_r1i1p1,GCAM-26,121905208651.518,93910239310.38065,27994969341.137363
BUL,ccsm4_rcp60_r1i1p1,GCAM-45,114604433555.14264,94092352576.4431,20512080978.69956
BUL,ccsm4_rcp60_r1i1p1,GCAM-ref,111239562821.28581,95163451200.92209,16076111620.36372
BUL,ccsm4_rcp60_r1i1p1,LUCAS-BAU_High-0001,102975700854.73506,92550134847.17632,10425566007.558765
BUL,ccsm4_rcp60_r1i1p1,LUCAS-BAU_High-0002,103176384632.56813,92467691847.22845,10708692785.339659
BUL,ccsm4_rcp85_r1i1p1,FORE-SCE-A1B,94910198330.24907,69514097040.22743,25396101290.02163
BUL,ccsm4_rcp85_r1i1p1,FORE-SCE-A2,94357336438.37262,71820285057.86298,22537051380.509644
BUL,ccsm4_rcp85_r1i1p1,FORE-SCE-B1,91656665477.47485,71531135563.78717,20125529913.687702
BUL,ccsm4_rcp85_r1i1p1,GCAM-26,115917058329.04646,74306656492.99481,41610401836.05164
BUL,ccsm4_rcp85_r1i1p1,GCAM-45,105527009674.52792,74150764081.68903,31376245592.838924
BUL,ccsm4_rcp85_r1i1p1,GCAM-ref,99054717007.88972,74252080661.71577,24802636346.173954
BUL,ccsm4_rcp85_r1i1p1,LUCAS-BAU_High-0001,90604574251.80081,73481323216.91994,17123251034.880896
BUL,ccsm4_rcp85_r1i1p1,LUCAS-BAU_High-0002,89407622028.65427,71609949707.8469,17797672320.807392
BUL,cesm1-bgc_rcp45_r1i1p1,FORE-SCE-A1B,88155047280.15182,69889665262.08861,18265382018.063183
BUL,cesm1-bgc_rcp45_r1i1p1,FORE-SCE-A2,84850992833.26585,69584702628.56067,15266290204.705158
BUL,cesm1-bgc_rcp45_r1i1p1,FORE-SCE-B1,84787108731.38226,71030600591.3524,13756508140.029892
BUL,cesm1-bgc_rcp45_r1i1p1,GCAM-26,98468834090.57213,68526646427.412506,29942187663.159615
BUL,cesm1-bgc_rcp45_r1i1p1,GCAM-45,93515468154.34349,70778993148.55588,22736475005.78761
BUL,cesm1-bgc_rcp45_r1i1p1,GCAM-ref,89129911975.98488,71305674984.93904,17824236991.045837
BUL,cesm1-bgc_rcp45_r1i1p1,LUCAS-BAU_High-0001,81975431721.3436,69824743048.98152,12150688672.36209
BUL,cesm1-bgc_rcp45_r1i1p1,LUCAS-BAU_High-0002,82400984812.0769,70358885748.14853,12042099063.928375
BUL,cesm1-bgc_rcp85_r1i1p1,FORE-SCE-A1B,84689700343.60233,59955934944.231155,24733765399.371174
BUL,cesm1-bgc_rcp85_r1i1p1,FORE-SCE-A2,81250472919.26279,59906447647.88969,21344025271.373093
BUL,cesm1-bgc_rcp85_r1i1p1,FORE-SCE-B1,78265412962.19978,58943488672.6222,19321924289.57758
BUL,cesm1-bgc_rcp85_r1i1p1,GCAM-26,101805705445.32907,58686612253.54623,43119093191.78281
BUL,cesm1-bgc_rcp85_r1i1p1,GCAM-45,91370231263.84634,59872447273.80726,31497783990.039055
BUL,cesm1-bgc_rcp85_r1i1p1,GCAM-ref,85032167599.61584,59813971816.22548,25218195783.390385
BUL,cesm1-bgc_rcp85_r1i1p1,LUCAS-BAU_High-0001,77055178270.01825,60159830032.109825,16895348237.908432
BUL,cesm1-bgc_rcp85_r1i1p1,LUCAS-BAU_High-0002,77067603392.59665,59949547214.63303,17118056177.963589
BUL,cesm1-cam5_rcp26_r1i1p1,FORE-SCE-A1B,33466285812.780594,20433231690.77811,13033054122.002474
BUL,cesm1-cam5_rcp26_r1i1p1,FORE-SCE-A2,31737075327.969723,20458489277.39865,11278586050.571068
BUL,cesm1-cam5_rcp26_r1i1p1,FORE-SCE-B1,30529695641.67521,20867985296.586494,9661710345.088715
BUL,cesm1-cam5_rcp26_r1i1p1,GCAM-26,43992911142.39084,20248196907.67066,23744714234.720173
BUL,cesm1-cam5_rcp26_r1i1p1,GCAM-45,37344679573.59332,20363380431.857063,16981299141.736275
BUL,cesm1-cam5_rcp26_r1i1p1,GCAM-ref,33206280903.08459,20405488374.71871,12800792528.36589
BUL,cesm1-cam5_rcp26_r1i1p1,LUCAS-BAU_High-0001,28775486510.22438,20535988101.008873,8239498409.2155
BUL,cesm1-cam5_rcp26_r1i1p1,LUCAS-BAU_High-0002,28982124928.947975,20541471919.269333,8440653009.678638
BUL,cesm1-cam5_rcp45_r1i1p1,FORE-SCE-A1B,52082585026.27682,31935377885.88587,20147207140.390945
BUL,cesm1-cam5_rcp45_r1i1p1,FORE-SCE-A2,49006424718.87718,31751278769.37616,17255145949.501003
BUL,cesm1-cam5_rcp45_r1i1p1,FORE-SCE-B1,47737359701.29226,32257730241.734173,15479629459.558084
BUL,cesm1-cam5_rcp45_r1i1p1,GCAM-26,66339592689.74131,31186904117.2995,35152688572.44181
BUL,cesm1-cam5_rcp45_r1i1p1,GCAM-45,56647761349.61107,31031892617.27717,25615868732.333897
BUL,cesm1-cam5_rcp45_r1i1p1,GCAM-ref,52210943176.997826,31790879060.47782,20420064116.519993
BUL,cesm1-cam5_rcp45_r1i1p1,LUCAS-BAU_High-0001,44979176503.01618,31762730359.84131,13216446143.174866
BUL,cesm1-cam5_rcp45_r1i1p1,LUCAS-BAU_High-0002,45156520925.308975,31556383075.672287,13600137849.636692
BUL,cesm1-cam5_rcp60_r1i1p1,FORE-SCE-A1B,26700305637.6998,5284806634.290841,21415499003.408955
BUL,cesm1-cam5_rcp60_r1i1p1,FORE-SCE-A2,24020144023.606853,5130722288.230567,18889421735.376286
BUL,cesm1-cam5_rcp60_r1i1p1,FORE-SCE-B1,22216658731.59902,5424925426.946301,16791733304.65272
BUL,cesm1-cam5_rcp60_r1i1p1,GCAM-26,41142313518.24626,5369540008.475049,35772773509.77121
BUL,cesm1-cam5_rcp60_r1i1p1,GCAM-45,32441658581.302765,5325293190.452292,27116365390.850475
BUL,cesm1-cam5_rcp60_r1i1p1,GCAM-ref,26858240994.859135,5323096322.631009,21535144672.22812
BUL,cesm1-cam5_rcp60_r1i1p1,LUCAS-BAU_High-0001,20005096696.2694,5347524844.033318,14657571852.236086
BUL,cesm1-cam5_rcp60_r1i1p1,LUCAS-BAU_High-0002,20377811203.8513,5375965232.401442,15001845971.449863
BUL,cesm1-cam5_rcp85_r1i1p1,FORE-SCE-A1B,133871412098.71362,109806308608.17166,24065103490.541958
BUL,cesm1-cam5_rcp85_r1i1p1,FORE-SCE-A2,131146111962.30318,111772328614.77551,19373783347.52768
BUL,cesm1-cam5_rcp85_r1i1p1,FORE-SCE-B1,127441032019.91849,109108840661.21837,18332191358.70011
BUL,cesm1-cam5_rcp85_r1i1p1,GCAM-26,149597866410.58627,109942274151.20253,39655592259.38379
BUL,cesm1-cam5_rcp85_r1i1p1,GCAM-45,137870610547.7869,108651421362.72218,29219189185.064713
BUL,cesm1-cam5_rcp85_r1i1p1,GCAM-ref,132168024676.93875,108953852983.39696,23214171693.54178
BUL,cesm1-cam5_rcp85_r1i1p1,LUCAS-BAU_High-0001,130301897018.77441,114882123974.47368,15419773044.300749
BUL,cesm1-cam5_rcp85_r1i1p1,LUCAS-BAU_High-0002,125079676157.59558,109061836207.45894,16017839950.136688
BUL,cmcc-cm_rcp45_r1i1p1,FORE-SCE-A1B,32178962382.113422,18420536072.482677,13758426309.630749
BUL,cmcc-cm_rcp45_r1i1p1,FORE-SCE-A2,30544431124.89671,18854424509.637497,11690006615.259207
BUL,cmcc-cm_rcp45_r1i1p1,FORE-SCE-B1,26756902877.329834,16697152639.99272,10059750237.337112
BUL,cmcc-cm_rcp45_r1i1p1,GCAM-26,43538775071.31405,17651425582.978313,25887349488.335724
BUL,cmcc-cm_rcp45_r1i1p1,GCAM-45,35980283921.72823,17767108564.959724,18213175356.768494
BUL,cmcc-cm_rcp45_r1i1p1,GCAM-ref,31610116804.279205,17948879984.51991,13661236819.759296
BUL,cmcc-cm_rcp45_r1i1p1,LUCAS-BAU_High-0001,27376059508.436172,18977594385.408947,8398465123.027218
BUL,cmcc-cm_rcp45_r1i1p1,LUCAS-BAU_High-0002,27637033679.133526,18959083504.952793,8677950174.180729
BUL,cmcc-cm_rcp85_r1i1p1,FORE-SCE-A1B,33987691364.851513,3149668444.2202425,30838022920.631275
BUL,cmcc-cm_rcp85_r1i1p1,FORE-SCE-A2,27665840181.37633,300554716.4371958,27365285464.939133
BUL,cmcc-cm_rcp85_r1i1p1,FORE-SCE-B1,27999583785.820496,3466023941.69156,24533559844.128933
BUL,cmcc-cm_rcp85_r1i1p1,GCAM-26,51171937416.0506,1189242134.329072,49982695281.72153
BUL,cmcc-cm_rcp85_r1i1p1,GCAM-45,40809034287.765274,2372165834.2440367,38436868453.52123
BUL,cmcc-cm_rcp85_r1i1p1,GCAM-ref,30829063061.623352,224042381.29399964,30605020680.329353
BUL,cmcc-cm_rcp85_r1i1p1,LUCAS-BAU_High-0001,25499563881.054462,4445914483.738263,21053649397.3162
BUL,cmcc-cm_rcp85_r1i1p1,LUCAS-BAU_High-0002,24966877229.00734,3039062771.758433,21927814457.24891
BUL,cnrm-cm5_rcp45_r1i1p1,FORE-SCE-A1B,137776940317.14963,121419292523.15521,16357647793.994413
BUL,cnrm-cm5_rcp45_r1i1p1,FORE-SCE-A2,137873599094.9487,123821688521.96808,14051910572.980627
BUL,cnrm-cm5_rcp45_r1i1p1,FORE-SCE-B1,134938871850.05025,122376366665.8661,12562505184.18414
BUL,cnrm-cm5_rcp45_r1i1p1,GCAM-26,148314065310.47696,119945693038.60167,28368372271.875282
BUL,cnrm-cm5_rcp45_r1i1p1,GCAM-45,141445416768.88995,120500054523.63448,20945362245.25553
BUL,cnrm-cm5_rcp45_r1i1p1,GCAM-ref,138004696130.7825,121369896785.93036,16634799344.852167
BUL,cnrm-cm5_rcp45_r1i1p1,LUCAS-BAU_High-0001,131495738770.76819,120590716012.33781,10905022758.430386
BUL,cnrm-cm5_rcp45_r1i1p1,LUCAS-BAU_High-0002,132235229284.61304,121005816674.69498,11229412609.918032
BUL,cnrm-cm5_rcp85_r1i1p1,FORE-SCE-A1B,486961698205.9459,473782780668.1471,13178917537.798687
BUL,cnrm-cm5_rcp85_r1i1p1,FORE-SCE-A2,490538136382.43494,479305961836.0224,11232174546.412432
BUL,cnrm-cm5_rcp85_r1i1p1,FORE-SCE-B1,488006666387.6161,478178865527.05475,9827800860.561237
BUL,cnrm-cm5_rcp85_r1i1p1,GCAM-26,483786709223.2573,458515656965.2868,25271052257.970547
BUL,cnrm-cm5_rcp85_r1i1p1,GCAM-45,486265659934.2178,468752330762.49506,17513329171.722683
BUL,cnrm-cm5_rcp85_r1i1p1,GCAM-ref,490079398651.34534,476753606424.6559,13325792226.689222
BUL,cnrm-cm5_rcp85_r1i1p1,LUCAS-BAU_High-0001,483803934812.2461,475745428773.1102,8058506039.135897
BUL,cnrm-cm5_rcp85_r1i1p1,LUCAS-BAU_High-0002,481869331382.5567,473570325941.8285,8299005440.728215
BUL,csiro-mk3-6-0_rcp26_r1i1p1,FORE-SCE-A1B,33117688296.27298,11928344398.754206,21189343897.518764
BUL,csiro-mk3-6-0_rcp26_r1i1p1,FORE-SCE-A2,30401071263.859215,11871297173.409466,18529774090.44974
BUL,csiro-mk3-6-0_rcp26_r1i1p1,FORE-SCE-B1,28599877871.22251,11918256972.219202,16681620899.003305
BUL,csiro-mk3-6-0_rcp26_r1i1p1,GCAM-26,46988529790.45805,12016861947.794224,34971667842.66382
BUL,csiro-mk3-6-0_rcp26_r1i1p1,GCAM-45,38463063165.27491,11913264689.28794,26549798475.98698
BUL,csiro-mk3-6-0_rcp26_r1i1p1,GCAM-ref,33335814697.136467,11901521541.596249,21434293155.540237
BUL,csiro-mk3-6-0_rcp26_r1i1p1,LUCAS-BAU_High-0001,26678744183.488464,11992820568.820377,14685923614.668087
BUL,csiro-mk3-6-0_rcp26_r1i1p1,LUCAS-BAU_High-0002,27087949026.566586,12047772345.875017,15040176680.69158
BUL,csiro-mk3-6-0_rcp45_r1i1p1,FORE-SCE-A1B,25154588604.902092,0.0,25154588604.902092
BUL,csiro-mk3-6-0_rcp45_r1i1p1,FORE-SCE-A2,22160345376.232574,0.0,22160345376.232574
BUL,csiro-mk3-6-0_rcp45_r1i1p1,FORE-SCE-B1,19797553529.099033,0.0,19797553529.099033
BUL,csiro-mk3-6-0_rcp45_r1i1p1,GCAM-26,41533002414.65522,0.0,41533002414.65522
BUL,csiro-mk3-6-0_rcp45_r1i1p1,GCAM-45,31511999385.784008,0.0,31511999385.784008
BUL,csiro-mk3-6-0_rcp45_r1i1p1,GCAM-ref,25194730505.259003,0.0,25194730505.259003
BUL,csiro-mk3-6-0_rcp45_r1i1p1,LUCAS-BAU_High-0001,17238662644.317932,0.0,17238662644.317932
BUL,csiro-mk3-6-0_rcp45_r1i1p1,LUCAS-BAU_High-0002,17656061633.24441,0.0,17656061633.24441
BUL,csiro-mk3-6-0_rcp60_r1i1p1,FORE-SCE-A1B,45670700099.95149,29057153695.597305,16613546404.354206
BUL,csiro-mk3-6-0_rcp60_r1i1p1,FORE-SCE-A2,47509384848.341644,33698777177.378834,13810607670.962831
BUL,csiro-mk3-6-0_rcp60_r1i1p1,FORE-SCE-B1,44597125177.33097,32518774965.611458,12078350211.719492
BUL,csiro-mk3-6-0_rcp60_r1i1p1,GCAM-26,59881740612.78142,30953894574.08048,28927846038.70091
BUL,csiro-mk3-6-0_rcp60_r1i1p1,GCAM-45,53456966659.143936,32718559084.66732,20738407574.4766
BUL,csiro-mk3-6-0_rcp60_r1i1p1,GCAM-ref,48935447690.0942,33023107195.914467,15912340494.179733
BUL,csiro-mk3-6-0_rcp60_r1i1p1,LUCAS-BAU_High-0001,41356121550.85765,30821742374.978912,10534379175.87876
BUL,csiro-mk3-6-0_rcp60_r1i1p1,LUCAS-BAU_High-0002,42456438158.7352,31812351435.724205,10644086723.010998
BUL,csiro-mk3-6-0_rcp85_r1i1p1,FORE-SCE-A1B,92553019148.44165,70354795242.79408,22198223905.6476
BUL,csiro-mk3-6-0_rcp85_r1i1p1,FORE-SCE-A2,90219645722.95116,70866795759.76285,19352849963.18833
BUL,csiro-mk3-6-0_rcp85_r1i1p1,FORE-SCE-B1,87810076491.4233,70530980145.00818,17279096346.41512
BUL,csiro-mk3-6-0_rcp85_r1i1p1,GCAM-26,107634977568.02155,69983771120.29411,37651206447.72747
BUL,csiro-mk3-6-0_rcp85_r1i1p1,GCAM-45,95181949022.94283,67384970241.83533,27796978781.10748
BUL,csiro-mk3-6-0_rcp85_r1i1p1,GCAM-ref,89795269355.53236,67697399245.39108,22097870110.141254
BUL,csiro-mk3-6-0_rcp85_r1i1p1,LUCAS-BAU_High-0001,83007471272.25284,68201839157.75402,14805632114.498835
BUL,csiro-mk3-6-0_rcp85_r1i1p1,LUCAS-BAU_High-0002,83340616953.99951,68161251795.97904,15179365158.020473
BUL,fgoals-g2_rcp26_r1i1p1,FORE-SCE-A1B,19740173603.616047,918287085.2355664,18821886518.380478
BUL,fgoals-g2_rcp26_r1i1p1,FORE-SCE-A2,17188718174.071472,905251624.5227582,16283466549.548716
BUL,fgoals-g2_rcp26_r1i1p1,FORE-SCE-B1,15560874220.514963,898985904.2051787,14661888316.309786
BUL,fgoals-g2_rcp26_r1i1p1,GCAM-26,32903339895.70236,1049994562.913297,31853345332.789066
BUL,fgoals-g2_rcp26_r1i1p1,GCAM-45,24662223879.809334,920510279.3961407,23741713600.413197
BUL,fgoals-g2_rcp26_r1i1p1,GCAM-ref,19943050842.922752,874456399.2585762,19068594443.664173
BUL,fgoals-g2_rcp26_r1i1p1,LUCAS-BAU_High-0001,13652716600.303474,899352007.9458373,12753364592.357637
BUL,fgoals-g2_rcp26_r1i1p1,LUCAS-BAU_High-0002,14009868115.094788,919143028.0978705,13090725086.996918
DNP,access1-0_rcp45_r1i1p1,FORE-SCE-A1B,42093559570.06374,84808622.25671008,42008750947.80703
DNP,access1-0_rcp45_r1i1p1,FORE-SCE-A2,38571899448.90061,35038717.277599245,38536860731.62302
DNP,access1-0_rcp45_r1i1p1,FORE-SCE-B1,35932813620.86916,20003167.424244564,35912810453.444916
DNP,access1-0_rcp45_r1i1p1,GCAM-26,68455484333.132065,512523788.7332274,67942960544.39885
DNP,access1-0_rcp45_r1i1p1,GCAM-45,51838305973.73705,151263679.68327013,51687042294.05378
DNP,access1-0_rcp45_r1i1p1,GCAM-ref,43699961121.80127,171838679.09627077,43528122442.705
DNP,access1-0_rcp45_r1i1p1,LUCAS-BAU_High-0001,31206754415.069763,69966249.44467622,31136788165.625088
DNP,access1-0_rcp45_r1i1p1,LUCAS-BAU_High-0002,31892226126.422897,75567914.08409753,31816658212.3388
DNP,access1-0_rcp85_r1i1p1,FORE-SCE-A1B,47150198764.255035,0.0,47150198764.255035
DNP,access1-0_rcp85_r1i1p1,FORE-SCE-A2,41645221169.20153,0.0,41645221169.20153
DNP,access1-0_rcp85_r1i1p1,FORE-SCE-B1,36924009993.349846,0.0,36924009993.349846
DNP,access1-0_rcp85_r1i1p1,GCAM-26,77622439217.08437,0.0,77622439217.08437
DNP,access1-0_rcp85_r1i1p1,GCAM-45,57757903068.53007,0.0,57757903068.53007
DNP,access1-0_rcp85_r1i1p1,GCAM-ref,47474080005.67412,0.0,47474080005.67412
DNP,access1-0_rcp85_r1i1p1,LUCAS-BAU_High-0001,33204568197.086205,0.0,33204568197.086205
DNP,access1-0_rcp85_r1i1p1,LUCAS-BAU_High-0002,33977445425.020153,0.0,33977445425.020153
DNP,bcc-csm1-1-m_rcp45_r1i1p1,FORE-SCE-A1B,29486548323.55263,4713431504.203678,24773116819.348953
DNP,bcc-csm1-1-m_rcp45_r1i1p1,FORE-SCE-A2,25746144895.53526,3283031281.6994333,22463113613.835827
DNP,bcc-csm1-1-m_rcp45_r1i1p1,FORE-SCE-B1,23702811743.22292,4507075830.491999,19195735912.73092
DNP,bcc-csm1-1-m_rcp45_r1i1p1,GCAM-26,47299920068.5816,5215172567.507019,42084747501.07458
DNP,bcc-csm1-1-m_rcp45_r1i1p1,GCAM-45,36359553039.38257,4948167195.757497,31411385843.625076
DNP,bcc-csm1-1-m_rcp45_r1i1p1,GCAM-ref,29377232124.881847,4591631888.208771,24785600236.673084
DNP,bcc-csm1-1-m_rcp45_r1i1p1,LUCAS-BAU_High-0001,20838418374.82917,4356640503.522893,16481777871.306276
DNP,bcc-csm1-1-m_rcp45_r1i1p1,LUCAS-BAU_High-0002,21577152957.897278,4716101613.925897,16861051343.971382
DNP,bcc-csm1-1-m_rcp85_r1i1p1,FORE-SCE-A1B,87486613213.24617,42374303443.0179,45112309770.228294
DNP,bcc-csm1-1-m_rcp85_r1i1p1,FORE-SCE-A2,82971088517.69655,42196894592.29651,40774193925.40001
DNP,bcc-csm1-1-m_rcp85_r1i1p1,FORE-SCE-B1,76367209893.44925,40283316644.64789,36083893248.80137
DNP,bcc-csm1-1-m_rcp85_r1i1p1,GCAM-26,116454926022.26814,45887377318.21591,70567548704.05225
DNP,bcc-csm1-1-m_rcp85_r1i1p1,GCAM-45,99020370205.90675,43889619943.47343,55130750262.43331
DNP,bcc-csm1-1-m_rcp85_r1i1p1,GCAM-ref,87695801920.26332,42563137139.41631,45132664780.847
DNP,bcc-csm1-1-m_rcp85_r1i1p1,LUCAS-BAU_High-0001,73724527672.8307,41353730268.98288,32370797403.847775
DNP,bcc-csm1-1-m_rcp85_r1i1p1,LUCAS-BAU_High-0002,74105300892.2496,40899037374.494194,33206263517.7554
DNP,bcc-csm1-1_rcp26_r1i1p1,FORE-SCE-A1B,55109635614.863365,14682712277.20008,40426923337.66326
DNP,bcc-csm1-1_rcp26_r1i1p1,FORE-SCE-A2,49506798734.68523,14255482955.163767,35251315779.52144
DNP,bcc-csm1-1_rcp26_r1i1p1,FORE-SCE-B1,46680115768.7025,14727302106.052809,31952813662.649677
DNP,bcc-csm1-1_rcp26_r1i1p1,GCAM-26,81576280556.1248,15120141307.613077,66456139248.51171
DNP,bcc-csm1-1_rcp26_r1i1p1,GCAM-45,65185471542.76871,14642207257.9067,50543264284.86201
DNP,bcc-csm1-1_rcp26_r1i1p1,GCAM-ref,54676276450.413994,13984975347.460241,40691301102.95376
DNP,bcc-csm1-1_rcp26_r1i1p1,LUCAS-BAU_High-0001,43946420762.89418,16709079196.150642,27237341566.74354
DNP,bcc-csm1-1_rcp26_r1i1p1,LUCAS-BAU_High-0002,43615931090.8757,15102489771.952217,28513441318.9235
DNP,bcc-csm1-1_rcp45_r1i1p1,FORE-SCE-A1B,54617917934.20395,2101120281.044317,52516797653.15963
DNP,bcc-csm1-1_rcp45_r1i1p1,FORE-SCE-A2,49289594561.617676,3222930460.066869,46066664101.55078
DNP,bcc-csm1-1_rcp45_r1i1p1,FORE-SCE-B1,44928698192.47803,3655349398.2576227,41273348794.22039
DNP,bcc-csm1-1_rcp45_r1i1p1,GCAM-26,83657408344.24083,2385435822.7181745,81271972521.52267
DNP,bcc-csm1-1_rcp45_r1i1p1,GCAM-45,65564792519.53409,1448675735.5570607,64116116783.97702
DNP,bcc-csm1-1_rcp45_r1i1p1,GCAM-ref,54395823450.562645,1335807744.503745,53060015706.05891
DNP,bcc-csm1-1_rcp45_r1i1p1,LUCAS-BAU_High-0001,40041392609.176735,2012192183.0895743,38029200426.08716
DNP,bcc-csm1-1_rcp45_r1i1p1,LUCAS-BAU_High-0002,40043667216.40108,1710836885.9751248,38332830330.42595
DNP,bcc-csm1-1_rcp60_r1i1p1,FORE-SCE-A1B,40568909376.85303,7605280344.986479,32963629031.86655
DNP,bcc-csm1-1_rcp60_r1i1p1,FORE-SCE-A2,35031673066.381485,5517296289.694489,29514376776.686993
DNP,bcc-csm1-1_rcp60_r1i1p1,FORE-SCE-B1,33855581190.76985,8183942772.292088,25671638418.477776
DNP,bcc-csm1-1_rcp60_r1i1p1,GCAM-26,59917325609.215805,7868430523.922556,52048895085.29326
DNP,bcc-csm1-1_rcp60_r1i1p1,GCAM-45,48539297609.94102,7369857344.801628,41169440265.13938
DNP,bcc-csm1-1_rcp60_r1i1p1,GCAM-ref,41089817128.16084,7547667369.654926,33542149758.50592
DNP,bcc-csm1-1_rcp60_r1i1p1,LUCAS-BAU_High-0001,31206078220.60002,8024323193.908131,23181755026.691895
DNP,bcc-csm1-1_rcp60_r1i1p1,LUCAS-BAU_High-0002,31704036657.748367,7990524673.092033,23713511984.656334
DNP,bcc-csm1-1_rcp85_r1i1p1,FORE-SCE-A1B,139465712917.74765,111841804751.19193,27623908166.55577
DNP,bcc-csm1-1_rcp85_r1i1p1,FORE-SCE-A2,135648280772.17622,110640304191.09612,25007976581.080105
DNP,bcc-csm1-1_rcp85_r1i1p1,FORE-SCE-B1,129467768786.48242,107778369055.46416,21689399731.01823
DNP,bcc-csm1-1_rcp85_r1i1p1,GCAM-26,162856259700.98956,115570801680.80835,47285458020.181206
DNP,bcc-csm1-1_rcp85_r1i1p1,GCAM-45,144776692761.16202,109402792314.54507,35373900446.616936
DNP,bcc-csm1-1_rcp85_r1i1p1,GCAM-ref,135383002538.60762,108025240414.77396,27357762123.833652
DNP,bcc-csm1-1_rcp85_r1i1p1,LUCAS-BAU_High-0001,125864270558.43076,106851131712.93456,19013138845.496166
DNP,bcc-csm1-1_rcp85_r1i1p1,LUCAS-BAU_High-0002,129364705289.04242,110348216896.4769,19016488392.56551
DNP,canesm2_rcp26_r1i1p1,FORE-SCE-A1B,400227361879.43677,380308638339.8202,19918723539.616714
DNP,canesm2_rcp26_r1i1p1,FORE-SCE-A2,393229886488.4686,375892679296.71985,17337207191.748573
DNP,canesm2_rcp26_r1i1p1,FORE-SCE-B1,389054711788.01746,373573377449.73364,15481334338.28363
DNP,canesm2_rcp26_r1i1p1,GCAM-26,406538608774.57684,371337719756.4541,35200889018.12274
DNP,canesm2_rcp26_r1i1p1,GCAM-45,398775020111.5005,373109620525.89343,25665399585.607132
DNP,canesm2_rcp26_r1i1p1,GCAM-ref,393850887657.2177,373685845341.3148,20165042315.902916
DNP,canesm2_rcp26_r1i1p1,LUCAS-BAU_High-0001,394976367420.8634,381880324913.73596,13096042507.127562
DNP,canesm2_rcp26_r1i1p1,LUCAS-BAU_High-0002,392910729564.0634,379518303368.6978,13392426195.36566
DNP,canesm2_rcp45_r1i1p1,FORE-SCE-A1B,37102178303.11891,13355689447.685291,23746488855.433624
DNP,canesm2_rcp45_r1i1p1,FORE-SCE-A2,36199929511.55893,14984169422.893965,21215760088.664963
DNP,canesm2_rcp45_r1i1p1,FORE-SCE-B1,31717156647.319748,13419536694.713991,18297619952.60575
DNP,canesm2_rcp45_r1i1p1,GCAM-26,57166237687.41365,17582415481.828667,39583822205.58497
DNP,canesm2_rcp45_r1i1p1,GCAM-45,45615433715.32559,15530280617.795855,30085153097.529736
DNP,canesm2_rcp45_r1i1p1,GCAM-ref,39043703893.74166,15495521472.434223,23548182421.307423
DNP,canesm2_rcp45_r1i1p1,LUCAS-BAU_High-0001,30384893561.579353,13851382248.03534,16533511313.544012
DNP,canesm2_rcp45_r1i1p1,LUCAS-BAU_High-0002,30809736506.425274,14553865822.373732,16255870684.051552
DNP,canesm2_rcp85_r1i1p1,FORE-SCE-A1B,662198561456.1145,636565533784.467,25633027671.647316
DNP,canesm2_rcp85_r1i1p1,FORE-SCE-A2,639342803742.2264,615812336055.2188,23530467687.007725
DNP,canesm2_rcp85_r1i1p1,FORE-SCE-B1,643190063331.6722,622839252761.4708,20350810570.20145
DNP,canesm2_rcp85_r1i1p1,GCAM-26,694760548684.697,652590302017.0452,42170246667.651825
DNP,canesm2_rcp85_r1i1p1,GCAM-45,636473054011.2424,602971443862.4027,33501610148.839756
DNP,canesm2_rcp85_r1i1p1,GCAM-ref,625883949405.2322,598943111073.1967,26940838332.035748
DNP,canesm2_rcp85_r1i1p1,LUCAS-BAU_High-0001,637205493107.3147,619092140777.3302,18113352329.984455
DNP,canesm2_rcp85_r1i1p1,LUCAS-BAU_High-0002,637339624639.7888,618832982273.8757,18506642365.913033
DNP,ccsm4_rcp26_r1i1p1,FORE-SCE-A1B,96250496877.45093,64145239491.01076,32105257386.440147
DNP,ccsm4_rcp26_r1i1p1,FORE-SCE-A2,85131873513.0095,54025726851.459854,31106146661.54966
DNP,ccsm4_rcp26_r1i1p1,FORE-SCE-B1,85240274247.33829,57888563948.727516,27351710298.610756
DNP,ccsm4_rcp26_r1i1p1,GCAM-26,117886024967.62224,62524397838.229836,55361627129.39239
DNP,ccsm4_rcp26_r1i1p1,GCAM-45,100058803593.99791,57082851496.51897,42975952097.47899
DNP,ccsm4_rcp26_r1i1p1,GCAM-ref,90901786216.9369,55985459633.44894,34916326583.487915
DNP,ccsm4_rcp26_r1i1p1,LUCAS-BAU_High-0001,84442515596.95993,60857980516.56285,23584535080.39709
DNP,ccsm4_rcp26_r1i1p1,LUCAS-BAU_High-0002,81307054250.25064,56339625590.131,24967428660.119625
DNP,ccsm4_rcp45_r1i1p1,FORE-SCE-A1B,55790012503.557274,11070266377.372696,44719746126.18457
DNP,ccsm4_rcp45_r1i1p1,FORE-SCE-A2,46253879349.41216,8561313190.439101,37692566158.97305
DNP,ccsm4_rcp45_r1i1p1,FORE-SCE-B1,43793773111.16761,8570624154.200615,35223148956.966995
DNP,ccsm4_rcp45_r1i1p1,GCAM-26,81858612851.66464,12743275008.787626,69115337842.87703
DNP,ccsm4_rcp45_r1i1p1,GCAM-45,66273595004.2757,12049883344.2967,54223711659.979
DNP,ccsm4_rcp45_r1i1p1,GCAM-ref,58144323146.96907,12817072359.379148,45327250787.589935
DNP,ccsm4_rcp45_r1i1p1,LUCAS-BAU_High-0001,42202734870.29901,10302347561.661196,31900387308.637814
DNP,ccsm4_rcp45_r1i1p1,LUCAS-BAU_High-0002,41576421379.477066,8705223657.03068,32871197722.446384
DNP,ccsm4_rcp60_r1i1p1,FORE-SCE-A1B,63398677867.52603,26961054539.85368,36437623327.67233
DNP,ccsm4_rcp60_r1i1p1,FORE-SCE-A2,58832670987.71765,26691275589.548748,32141395398.16892
DNP,ccsm4_rcp60_r1i1p1,FORE-SCE-B1,53785134762.368385,24452870134.150635,29332264628.217747
DNP,ccsm4_rcp60_r1i1p1,GCAM-26,88971196224.37762,31973924422.281796,56997271802.09584
DNP,ccsm4_rcp60_r1i1p1,GCAM-45,73855580008.29684,29124287857.661144,44731292150.63572
DNP,ccsm4_rcp60_r1i1p1,GCAM-ref,64053798174.38277,26335386281.43107,37718411892.95172
DNP,ccsm4_rcp60_r1i1p1,LUCAS-BAU_High-0001,51795410891.3417,24721363693.28849,27074047198.053204
DNP,ccsm4_rcp60_r1i1p1,LUCAS-BAU_High-0002,51261287744.658,23780596215.049236,27480691529.608757
DNP,ccsm4_rcp85_r1i1p1,FORE-SCE-A1B,120708830010.9141,73563915112.30641,47144914898.60768
DNP,ccsm4_rcp85_r1i1p1,FORE-SCE-A2,112145486967.63142,71187021654.58853,40958465313.04293
DNP,ccsm4_rcp85_r1i1p1,FORE-SCE-B1,108451393274.34297,70644609895.60757,37806783378.73537
DNP,ccsm4_rcp85_r1i1p1,GCAM-26,152473449087.86557,79209194357.56422,73264254730.30138
DNP,ccsm4_rcp85_r1i1p1,GCAM-45,128766086269.77213,72561369254.24126,56204717015.53086
DNP,ccsm4_rcp85_r1i1p1,GCAM-ref,117194538146.21234,71110200350.11633,46084337796.096016
DNP,ccsm4_rcp85_r1i1p1,LUCAS-BAU_High-0001,99798630422.27519,66738395028.96237,33060235393.312813
DNP,ccsm4_rcp85_r1i1p1,LUCAS-BAU_High-0002,99218864900.26308,65372210249.02371,33846654651.23934
DNP,cesm1-bgc_rcp45_r1i1p1,FORE-SCE-A1B,97808714411.69984,55438640465.299545,42370073946.4003
DNP,cesm1-bgc_rcp45_r1i1p1,FORE-SCE-A2,92322819303.176,54430207994.23451,37892611308.941475
DNP,cesm1-bgc_rcp45_r1i1p1,FORE-SCE-B1,87746673069.94244,53306936673.80328,34439736396.13917
DNP,cesm1-bgc_rcp45_r1i1p1,GCAM-26,126702401654.88503,61107088584.97572,65595313069.909294
DNP,cesm1-bgc_rcp45_r1i1p1,GCAM-45,108799452579.47592,57341692722.090416,51457759857.385506
DNP,cesm1-bgc_rcp45_r1i1p1,GCAM-ref,97980310691.56232,55306589171.29202,42673721520.27028
DNP,cesm1-bgc_rcp45_r1i1p1,LUCAS-BAU_High-0001,82342545178.81847,51573994670.714966,30768550508.10349
DNP,cesm1-bgc_rcp45_r1i1p1,LUCAS-BAU_High-0002,83578591397.82314,52113830492.19255,31464760905.630596
DNP,cesm1-bgc_rcp85_r1i1p1,FORE-SCE-A1B,126423935479.60802,93357636702.67828,33066298776.929726
DNP,cesm1-bgc_rcp85_r1i1p1,FORE-SCE-A2,121515969177.74316,92321367155.44188,29194602022.301266
DNP,cesm1-bgc_rcp85_r1i1p1,FORE-SCE-B1,122047144899.65443,94815373315.34966,27231771584.30475
DNP,cesm1-bgc_rcp85_r1i1p1,GCAM-26,155975535705.13168,102371130904.08965,53604404801.042015
DNP,cesm1-bgc_rcp85_r1i1p1,GCAM-45,137617584385.99826,97210925481.6984,40406658904.29982
DNP,cesm1-bgc_rcp85_r1i1p1,GCAM-ref,125200703373.36438,90774378468.21802,34426324905.14638
DNP,cesm1-bgc_rcp85_r1i1p1,LUCAS-BAU_High-0001,109278712625.2502,85759369203.80226,23519343421.447968
DNP,cesm1-bgc_rcp85_r1i1p1,LUCAS-BAU_High-0002,109471516435.27669,84617302302.3688,24854214132.907906
DNP,cesm1-cam5_rcp26_r1i1p1,FORE-SCE-A1B,101161531615.45702,68007497846.09411,33154033769.362896
DNP,cesm1-cam5_rcp26_r1i1p1,FORE-SCE-A2,97940170974.91757,68276701094.77875,29663469880.138866
DNP,cesm1-cam5_rcp26_r1i1p1,FORE-SCE-B1,93558329240.31729,67294043808.94925,26264285431.3681
DNP,cesm1-cam5_rcp26_r1i1p1,GCAM-26,124616951601.52402,71497534345.04,53119417256.48398
DNP,cesm1-cam5_rcp26_r1i1p1,GCAM-45,111879179265.53253,70702910472.96626,41176268792.56628
DNP,cesm1-cam5_rcp26_r1i1p1,GCAM-ref,101484680675.37973,68612764258.19321,32871916417.186554
DNP,cesm1-cam5_rcp26_r1i1p1,LUCAS-BAU_High-0001,90468578839.48933,67309897202.970276,23158681636.51909
DNP,cesm1-cam5_rcp26_r1i1p1,LUCAS-BAU_High-0002,91156606304.92233,67441817419.969955,23714788884.952385
DNP,cesm1-cam5_rcp45_r1i1p1,FORE-SCE-A1B,59666618589.287926,8342634306.94017,51323984282.34775
DNP,cesm1-cam5_rcp45_r1i1p1,FORE-SCE-A2,52970307332.596115,7440618408.761599,45529688923.834526
DNP,cesm1-cam5_rcp45_r1i1p1,FORE-SCE-B1,50173572743.14783,8175493958.15147,41998078784.996376
DNP,cesm1-cam5_rcp45_r1i1p1,GCAM-26,88152300997.78818,9239165556.438812,78913135441.34933
DNP,cesm1-cam5_rcp45_r1i1p1,GCAM-45,70639028321.5946,8149774489.137038,62489253832.45755
DNP,cesm1-cam5_rcp45_r1i1p1,GCAM-ref,61025316464.06247,8813135285.058105,52212181179.004364
DNP,cesm1-cam5_rcp45_r1i1p1,LUCAS-BAU_High-0001,45273688692.92401,7641462360.84835,37632226332.07567
DNP,cesm1-cam5_rcp45_r1i1p1,LUCAS-BAU_High-0002,46844290244.7145,8386652650.317251,38457637594.39725
DNP,cesm1-cam5_rcp60_r1i1p1,FORE-SCE-A1B,198327764877.9887,147717309118.12976,50610455759.858955
DNP,cesm1-cam5_rcp60_r1i1p1,FORE-SCE-A2,190191315884.83157,145080633811.74713,45110682073.08442
DNP,cesm1-cam5_rcp60_r1i1p1,FORE-SCE-B1,185834729321.41254,144543318751.8908,41291410569.52175
DNP,cesm1-cam5_rcp60_r1i1p1,GCAM-26,229920776371.2716,152233464914.47995,77687311456.79172
DNP,cesm1-cam5_rcp60_r1i1p1,GCAM-45,211669258045.45966,150434153753.9219,61235104291.53772
DNP,cesm1-cam5_rcp60_r1i1p1,GCAM-ref,196724117127.8937,145562422252.18954,51161694875.70413
DNP,cesm1-cam5_rcp60_r1i1p1,LUCAS-BAU_High-0001,178837547896.40256,142098578195.80872,36738969700.593895
DNP,cesm1-cam5_rcp60_r1i1p1,LUCAS-BAU_High-0002,180467204218.34393,142751312040.28226,37715892178.06171
DNP,cesm1-cam5_rcp85_r1i1p1,FORE-SCE-A1B,176630035589.94907,130645423455.91354,45984612134.035484
DNP,cesm1-cam5_rcp85_r1i1p1,FORE-SCE-A2,163476787708.90277,124280081537.18411,39196706171.71862
DNP,cesm1-cam5_rcp85_r1i1p1,FORE-SCE-B1,164692258000.91492,126941328754.6744,37750929246.2405
DNP,cesm1-cam5_rcp85_r1i1p1,GCAM-26,218633116263.11966,146123345222.60306,72509771040.51653
DNP,cesm1-cam5_rcp85_r1i1p1,GCAM-45,197538405092.98752,140292197207.36536,57246207885.62216
DNP,cesm1-cam5_rcp85_r1i1p1,GCAM-ref,176316886828.62265,130313941660.08551,46002945168.53715
DNP,cesm1-cam5_rcp85_r1i1p1,LUCAS-BAU_High-0001,150530470791.1668,119241700174.48396,31288770616.682823
DNP,cesm1-cam5_rcp85_r1i1p1,LUCAS-BAU_High-0002,152381209339.2367,119317189814.55115,33064019524.685566
DNP,cmcc-cm_rcp45_r1i1p1,FORE-SCE-A1B,54243481752.99043,4253894646.695077,49989587106.29535
DNP,cmcc-cm_rcp45_r1i1p1,FORE-SCE-A2,49311408046.437416,5548060282.177026,43763347764.26039
DNP,cmcc-cm_rcp45_r1i1p1,FORE-SCE-B1,43190177395.50178,4239820878.0751915,38950356517.42659
DNP,cmcc-cm_rcp45_r1i1p1,GCAM-26,83793698001.37514,4480160412.2258415,79313537589.14929
DNP,cmcc-cm_rcp45_r1i1p1,GCAM-45,65055380136.751884,5215242543.449809,59840137593.302086
DNP,cmcc-cm_rcp45_r1i1p1,GCAM-ref,53946898197.43198,4784216193.697391,49162682003.73458
DNP,cmcc-cm_rcp45_r1i1p1,LUCAS-BAU_High-0001,39471310797.45174,4378270261.980604,35093040535.47112
DNP,cmcc-cm_rcp45_r1i1p1,LUCAS-BAU_High-0002,39919678631.892365,4325889553.473312,35593789078.41905
DNP,cmcc-cm_rcp85_r1i1p1,FORE-SCE-A1B,45193165468.62918,294995977.4179042,44898169491.21127
DNP,cmcc-cm_rcp85_r1i1p1,FORE-SCE-A2,38932573048.71637,581051675.2803457,38351521373.43602
DNP,cmcc-cm_rcp85_r1i1p1,FORE-SCE-B1,36440782551.685165,334724205.8791676,36106058345.806
DNP,cmcc-cm_rcp85_r1i1p1,GCAM-26,70281612536.53963,564835961.9787023,69716776574.56091
DNP,cmcc-cm_rcp85_r1i1p1,GCAM-45,53854951370.31855,408249821.39964193,53446701548.91891
DNP,cmcc-cm_rcp85_r1i1p1,GCAM-ref,44782854729.62071,370872815.0776682,44411981914.54304
DNP,cmcc-cm_rcp85_r1i1p1,LUCAS-BAU_High-0001,30076320699.014347,152496940.00444722,29923823759.009895
DNP,cmcc-cm_rcp85_r1i1p1,LUCAS-BAU_High-0002,30722964005.620327,163965920.4146945,30558998085.20563
DNP,cnrm-cm5_rcp45_r1i1p1,FORE-SCE-A1B,111935101553.50403,83932290153.51132,28002811399.992714
DNP,cnrm-cm5_rcp45_r1i1p1,FORE-SCE-A2,174149370503.53506,149186733886.60703,24962636616.92807
DNP,cnrm-cm5_rcp45_r1i1p1,FORE-SCE-B1,99588029759.04842,77164916811.25366,22423112947.794697
DNP,cnrm-cm5_rcp45_r1i1p1,GCAM-26,195172120834.6396,151267987345.3138,43904133489.32565
DNP,cnrm-cm5_rcp45_r1i1p1,GCAM-45,121208658699.17325,86728707199.32565,34479951499.84757
DNP,cnrm-cm5_rcp45_r1i1p1,GCAM-ref,154747193315.52475,126516755998.81165,28230437316.713196
DNP,cnrm-cm5_rcp45_r1i1p1,LUCAS-BAU_High-0001,156594948856.76617,135828011644.85706,20766937211.909103
DNP,cnrm-cm5_rcp45_r1i1p1,LUCAS-BAU_High-0002,118784494778.2378,97928385795.78293,20856108982.45485
DNP,cnrm-cm5_rcp85_r1i1p1,FORE-SCE-A1B,444661088822.326,425833706915.7448,18827381906.581158
DNP,cnrm-cm5_rcp85_r1i1p1,FORE-SCE-A2,435037918155.78546,418736533489.55115,16301384666.234316
DNP,cnrm-cm5_rcp85_r1i1p1,FORE-SCE-B1,436374089855.9212,422066425321.79205,14307664534.12911
DNP,cnrm-cm5_rcp85_r1i1p1,GCAM-26,448693542207.0231,415783751188.2267,32909791018.796432
DNP,cnrm-cm5_rcp85_r1i1p1,GCAM-45,441617313958.3761,417628153300.80786,23989160657.568188
DNP,cnrm-cm5_rcp85_r1i1p1,GCAM-ref,434998126453.7596,416303690893.85754,18694435559.902153
DNP,cnrm-cm5_rcp85_r1i1p1,LUCAS-BAU_High-0001,436410303081.4205,424364947633.11725,12045355448.303272
DNP,cnrm-cm5_rcp85_r1i1p1,LUCAS-BAU_High-0002,420205939475.11536,407257545746.29767,12948393728.817604
DNP,csiro-mk3-6-0_rcp26_r1i1p1,FORE-SCE-A1B,132496821207.1465,101254620152.98521,31242201054.161255
DNP,csiro-mk3-6-0_rcp26_r1i1p1,FORE-SCE-A2,126476891838.30885,98821030321.06493,27655861517.2439
DNP,csiro-mk3-6-0_rcp26_r1i1p1,FORE-SCE-B1,121757552569.6447,95949919007.46977,25807633562.174892
DNP,csiro-mk3-6-0_rcp26_r1i1p1,GCAM-26,157886550878.74777,104947940664.06439,52938610214.68341
DNP,csiro-mk3-6-0_rcp26_r1i1p1,GCAM-45,142316035905.8706,102383188047.17389,39932847858.69668
DNP,csiro-mk3-6-0_rcp26_r1i1p1,GCAM-ref,131327572068.61389,98625869270.47014,32701702798.143723
DNP,csiro-mk3-6-0_rcp26_r1i1p1,LUCAS-BAU_High-0001,120668692048.16692,98419524116.1287,22249167932.038223
DNP,csiro-mk3-6-0_rcp26_r1i1p1,LUCAS-BAU_High-0002,120698769421.77092,97795155141.63501,22903614280.13593
DNP,csiro-mk3-6-0_rcp45_r1i1p1,FORE-SCE-A1B,31951295562.232613,6812212276.398575,25139083285.834034
DNP,csiro-mk3-6-0_rcp45_r1i1p1,FORE-SCE-A2,28309123934.65053,6893100120.686037,21416023813.964485
DNP,csiro-mk3-6-0_rcp45_r1i1p1,FORE-SCE-B1,26425010268.205696,7719351266.00301,18705659002.20269
DNP,csiro-mk3-6-0_rcp45_r1i1p1,GCAM-26,50204132644.73051,6311418866.109236,43892713778.621284
DNP,csiro-mk3-6-0_rcp45_r1i1p1,GCAM-45,39361556017.184265,7281286338.243216,32080269678.94104
DNP,csiro-mk3-6-0_rcp45_r1i1p1,GCAM-ref,33915729202.18395,8654415965.92915,25261313236.2548
DNP,csiro-mk3-6-0_rcp45_r1i1p1,LUCAS-BAU_High-0001,26142596375.61243,9435752840.267643,16706843535.344788
DNP,csiro-mk3-6-0_rcp45_r1i1p1,LUCAS-BAU_High-0002,25437275837.372982,8328136995.289907,17109138842.08307
DNP,csiro-mk3-6-0_rcp60_r1i1p1,FORE-SCE-A1B,33622392971.49048,5802851154.777489,27819541816.712997
DNP,csiro-mk3-6-0_rcp60_r1i1p1,FORE-SCE-A2,30852644478.81437,6875993014.846715,23976651463.967667
DNP,csiro-mk3-6-0_rcp60_r1i1p1,FORE-SCE-B1,28359698928.82497,6734246444.703502,21625452484.121468
DNP,csiro-mk3-6-0_rcp60_r1i1p1,GCAM-26,51550326250.08709,4241228699.8874764,47309097550.19962
DNP,csiro-mk3-6-0_rcp60_r1i1p1,GCAM-45,39212644402.90092,5217891704.14817,33994752698.75275
DNP,csiro-mk3-6-0_rcp60_r1i1p1,GCAM-ref,33303641889.516464,5456150796.811728,27847491092.704735
DNP,csiro-mk3-6-0_rcp60_r1i1p1,LUCAS-BAU_High-0001,25920536295.92673,7231595386.868832,18688940909.05789
DNP,csiro-mk3-6-0_rcp60_r1i1p1,LUCAS-BAU_High-0002,26583523794.179096,7318232677.456866,19265291116.72223
DNP,csiro-mk3-6-0_rcp85_r1i1p1,FORE-SCE-A1B,106380321787.84695,70630723586.66977,35749598201.17716
DNP,csiro-mk3-6-0_rcp85_r1i1p1,FORE-SCE-A2,127678365232.73045,98066863526.52048,29611501706.209988
DNP,csiro-mk3-6-0_rcp85_r1i1p1,FORE-SCE-B1,120702841965.66637,92102295130.79457,28600546834.871746
DNP,csiro-mk3-6-0_rcp85_r1i1p1,GCAM-26,131675228759.70103,73382004050.0514,58293224709.649635
DNP,csiro-mk3-6-0_rcp85_r1i1p1,GCAM-45,116978276507.19753,72612227833.95642,44366048673.24114
DNP,csiro-mk3-6-0_rcp85_r1i1p1,GCAM-ref,128797661829.13951,94219786636.4466,34577875192.69292
DNP,csiro-mk3-6-0_rcp85_r1i1p1,LUCAS-BAU_High-0001,99158957459.05353,74009751025.75838,25149206433.295155
DNP,csiro-mk3-6-0_rcp85_r1i1p1,LUCAS-BAU_High-0002,92875771065.07428,66910862631.76393,25964908433.310356
DNP,fgoals-g2_rcp26_r1i1p1,FORE-SCE-A1B,41889542290.47487,14033877004.120054,27855665286.354824
DNP,fgoals-g2_rcp26_r1i1p1,FORE-SCE-A2,37655763830.99958,12732103724.957514,24923660106.042088
DNP,fgoals-g2_rcp26_r1i1p1,FORE-SCE-B1,36793891588.121315,13082983669.07595,23710907919.045372
DNP,fgoals-g2_rcp26_r1i1p1,GCAM-26,61031921195.42393,15653757573.869051,45378163621.55486
DNP,fgoals-g2_rcp26_r1i1p1,GCAM-45,49721385203.86663,15302963875.401451,34418421328.465164
DNP,fgoals-g2_rcp26_r1i1p1,GCAM-ref,43108522947.423775,14096634613.166777,29011888334.256985
DNP,fgoals-g2_rcp26_r1i1p1,LUCAS-BAU_High-0001,32476239491.633514,12848206618.76038,19628032872.873127
DNP,fgoals-g2_rcp26_r1i1p1,LUCAS-BAU_High-0002,32956648453.64634,12851659208.964851,20104989244.681488
EXC,access1-0_rcp45_r1i1p1,FORE-SCE-A1B,4981005967.43794,352420393.84239525,4628585573.595546
EXC,access1-0_rcp45_r1i1p1,FORE-SCE-A2,4406202547.118471,475732068.150669,3930470478.967803
EXC,access1-0_rcp45_r1i1p1,FORE-SCE-B1,3734539348.068356,594059669.2166839,3140479678.851672
EXC,access1-0_rcp45_r1i1p1,GCAM-26,10409011949.616,113670573.77379861,10295341375.842201
EXC,access1-0_rcp45_r1i1p1,GCAM-45,6849867407.174362,246709092.2073932,6603158314.9669695
EXC,access1-0_rcp45_r1i1p1,GCAM-ref,4727014749.56375,311160366.2416077,4415854383.322144
EXC,access1-0_rcp45_r1i1p1,LUCAS-BAU_High-0001,3023270078.1595926,631440921.569932,2391829156.58966
EXC,access1-0_rcp45_r1i1p1,LUCAS-BAU_High-0002,3119568911.172053,627461582.5650384,2492107328.607014
EXC,access1-0_rcp85_r1i1p1,FORE-SCE-A1B,9888823923.682688,17706743.593779176,9871117180.08891
EXC,access1-0_rcp85_r1i1p1,FORE-SCE-A2,7355157653.422159,73378199.62490521,7281779453.797254
EXC,access1-0_rcp85_r1i1p1,FORE-SCE-B1,6542830884.047169,26896202.317419015,6515934681.72975
EXC,access1-0_rcp85_r1i1p1,GCAM-26,18002646027.772434,32149373.755841225,17970496654.016594
EXC,access1-0_rcp85_r1i1p1,GCAM-45,12351080278.018904,9940246.603999004,12341140031.414906
EXC,access1-0_rcp85_r1i1p1,GCAM-ref,9052781662.108377,12238167.84036535,9040543494.268011
EXC,access1-0_rcp85_r1i1p1,LUCAS-BAU_High-0001,4863483922.225561,18725489.810585715,4844758432.414976
EXC,access1-0_rcp85_r1i1p1,LUCAS-BAU_High-0002,5397523344.487243,55280777.80792901,5342242566.679314
EXC,bcc-csm1-1-m_rcp45_r1i1p1,FORE-SCE-A1B,6239275628.353855,638677350.2060848,5600598278.147771
EXC,bcc-csm1-1-m_rcp45_r1i1p1,FORE-SCE-A2,5285242016.172102,638179244.1619537,4647062772.010149
EXC,bcc-csm1-1-m_rcp45_r1i1p1,FORE-SCE-B1,4738522980.12053,591468396.0267481,4147054584.093782
EXC,bcc-csm1-1-m_rcp45_r1i1p1,GCAM-26,12605352739.026583,626137822.1973002,11979214916.829283
EXC,bcc-csm1-1-m_rcp45_r1i1p1,GCAM-45,8585734842.009317,637975207.0311549,7947759634.978163
EXC,bcc-csm1-1-m_rcp45_r1i1p1,GCAM-ref,6251133681.267973,646461468.2122631,5604672213.05571
EXC,bcc-csm1-1-m_rcp45_r1i1p1,LUCAS-BAU_High-0001,3670144294.464297,676923868.849284,2993220425.615013
EXC,bcc-csm1-1-m_rcp45_r1i1p1,LUCAS-BAU_High-0002,3835915226.1437383,743034195.2717364,3092881030.8720016
EXC,bcc-csm1-1-m_rcp85_r1i1p1,FORE-SCE-A1B,9669655947.580223,4003546666.753028,5666109280.827193
EXC,bcc-csm1-1-m_rcp85_r1i1p1,FORE-SCE-A2,9290610906.81266,4445178432.174541,4845432474.638117
EXC,bcc-csm1-1-m_rcp85_r1i1p1,FORE-SCE-B1,8524310089.826533,4435953804.577445,4088356285.2490873
EXC,bcc-csm1-1-m_rcp85_r1i1p1,GCAM-26,17020915960.28068,5226043700.630488,11794872259.650194
EXC,bcc-csm1-1-m_rcp85_r1i1p1,GCAM-45,13073552762.202362,5153210002.794873,7920342759.407492
EXC,bcc-csm1-1-m_rcp85_r1i1p1,GCAM-ref,10725282147.926516,5103288239.527585,5621993908.398931
EXC,bcc-csm1-1-m_rcp85_r1i1p1,LUCAS-BAU_High-0001,7231678377.7808895,4094310840.7360363,3137367537.0448537
EXC,bcc-csm1-1-m_rcp85_r1i1p1,LUCAS-BAU_High-0002,7325564308.895304,4077343921.7308416,3248220387.1644626
EXC,bcc-csm1-1_rcp26_r1i1p1,FORE-SCE-A1B,14884172779.45994,3402771227.390358,11481401552.06958
EXC,bcc-csm1-1_rcp26_r1i1p1,FORE-SCE-A2,12103657751.746838,2869671301.4855537,9233986450.261288
EXC,bcc-csm1-1_rcp26_r1i1p1,FORE-SCE-B1,12931253418.062012,3886372097.320533,9044881320.741482
EXC,bcc-csm1-1_rcp26_r1i1p1,GCAM-26,25015690450.395847,3120001495.2822075,21895688955.11364
EXC,bcc-csm1-1_rcp26_r1i1p1,GCAM-45,19333790638.598602,3149290251.6744795,16184500386.924124
EXC,bcc-csm1-1_rcp26_r1i1p1,GCAM-ref,14894316318.44285,3429936922.428611,11464379396.014242
EXC,bcc-csm1-1_rcp26_r1i1p1,LUCAS-BAU_High-0001,9733931872.343391,2984904706.896185,6749027165.447206
EXC,bcc-csm1-1_rcp26_r1i1p1,LUCAS-BAU_High-0002,9978559868.160337,2986011110.132045,6992548758.028294
EXC,bcc-csm1-1_rcp45_r1i1p1,FORE-SCE-A1B,9345654029.961714,36698154.14338718,9308955875.818327
EXC,bcc-csm1-1_rcp45_r1i1p1,FORE-SCE-A2,8302017895.154376,0.0,8302017895.154376
EXC,bcc-csm1-1_rcp45_r1i1p1,FORE-SCE-B1,6966169728.898769,40907541.9083847,6925262186.990385
EXC,bcc-csm1-1_rcp45_r1i1p1,GCAM-26,17439060184.362774,0.0,17439060184.362774
EXC,bcc-csm1-1_rcp45_r1i1p1,GCAM-45,12331050343.178585,0.0,12331050343.178585
EXC,bcc-csm1-1_rcp45_r1i1p1,GCAM-ref,9386907060.256306,153862341.01028603,9233044719.24602
EXC,bcc-csm1-1_rcp45_r1i1p1,LUCAS-BAU_High-0001,5651351949.547521,75090774.82038574,5576261174.727136
EXC,bcc-csm1-1_rcp45_r1i1p1,LUCAS-BAU_High-0002,5831039038.682453,74701277.58158141,5756337761.100872
EXC,bcc-csm1-1_rcp60_r1i1p1,FORE-SCE-A1B,6665656421.059355,1183828230.882598,5481828190.176756
EXC,bcc-csm1-1_rcp60_r1i1p1,FORE-SCE-A2,5086592827.785045,664518684.9367316,4422074142.848313
EXC,bcc-csm1-1_rcp60_r1i1p1,FORE-SCE-B1,4634293400.780462,975666314.4950873,3658627086.285376
EXC,bcc-csm1-1_rcp60_r1i1p1,GCAM-26,11751034914.71597,26880359.896286428,11724154554.819683
EXC,bcc-csm1-1_rcp60_r1i1p1,GCAM-45,8375193166.818399,514734371.8762899,7860458794.942108
EXC,bcc-csm1-1_rcp60_r1i1p1,GCAM-ref,5836687431.648014,115435515.07364863,5721251916.574366
EXC,bcc-csm1-1_rcp60_r1i1p1,LUCAS-BAU_High-0001,4086440676.0956154,1106374651.0712433,2980066025.024374
EXC,bcc-csm1-1_rcp60_r1i1p1,LUCAS-BAU_High-0002,4092781218.4457603,995958099.126623,3096823119.319136
EXC,bcc-csm1-1_rcp85_r1i1p1,FORE-SCE-A1B,34748823429.56395,29543248412.50405,5205575017.059897
EXC,bcc-csm1-1_rcp85_r1i1p1,FORE-SCE-A2,35474947670.08015,31079784471.433765,4395163198.646379
EXC,bcc-csm1-1_rcp85_r1i1p1,FORE-SCE-B1,36538815058.75604,33024547188.541294,3514267870.214775
EXC,bcc-csm1-1_rcp85_r1i1p1,GCAM-26,38080053184.7216,26364607808.723682,11715445375.997929
EXC,bcc-csm1-1_rcp85_r1i1p1,GCAM-45,35498881243.060776,28034364328.366882,7464516914.693893
EXC,bcc-csm1-1_rcp85_r1i1p1,GCAM-ref,35337446873.35898,30292705376.451958,5044741496.907015
EXC,bcc-csm1-1_rcp85_r1i1p1,LUCAS-BAU_High-0001,35694271620.317154,33188238929.47816,2506032690.838992
EXC,bcc-csm1-1_rcp85_r1i1p1,LUCAS-BAU_High-0002,38615879228.56241,35925689550.42639,2690189678.1360307
EXC,canesm2_rcp26_r1i1p1,FORE-SCE-A1B,84195650674.3752,79681564885.09486,4514085789.280334
EXC,canesm2_rcp26_r1i1p1,FORE-SCE-A2,84804359518.19884,81197935744.86673,3606423773.332099
EXC,canesm2_rcp26_r1i1p1,FORE-SCE-B1,85445694374.34187,82390385851.3101,3055308523.0317535
EXC,canesm2_rcp26_r1i1p1,GCAM-26,84596694533.41748,74553634643.65343,10043059889.764025
EXC,canesm2_rcp26_r1i1p1,GCAM-45,82037346826.7524,75598637433.72089,6438709393.03154
EXC,canesm2_rcp26_r1i1p1,GCAM-ref,81777635947.76787,77173840118.95317,4603795828.81467
EXC,canesm2_rcp26_r1i1p1,LUCAS-BAU_High-0001,85282180567.70966,82881258109.82611,2400922457.8835597
EXC,canesm2_rcp26_r1i1p1,LUCAS-BAU_High-0002,84778528961.00946,82264388984.99629,2514139976.0131936
EXC,canesm2_rcp45_r1i1p1,FORE-SCE-A1B,4051534819.9644647,21796706.82421438,4029738113.14025
EXC,canesm2_rcp45_r1i1p1,FORE-SCE-A2,3443829140.716354,0.0,3443829140.716354
EXC,canesm2_rcp45_r1i1p1,FORE-SCE-B1,2797328606.3631845,5640860.010395227,2791687746.352789
EXC,canesm2_rcp45_r1i1p1,GCAM-26,8841809106.217396,5041861.702583265,8836767244.514812
EXC,canesm2_rcp45_r1i1p1,GCAM-45,5708998910.917676,22695136.106712196,5686303774.810964
EXC,canesm2_rcp45_r1i1p1,GCAM-ref,3983803301.361555,0.0,3983803301.361555
EXC,canesm2_rcp45_r1i1p1,LUCAS-BAU_High-0001,2143921238.9367912,0.0,2143921238.9367912
EXC,canesm2_rcp45_r1i1p1,LUCAS-BAU_High-0002,2227240328.1245847,0.0,2227240328.1245847
EXC,canesm2_rcp85_r1i1p1,FORE-SCE-A1B,187805688151.69083,181852332596.14392,5953355555.546989
EXC,canesm2_rcp85_r1i1p1,FORE-SCE-A2,191159065238.37024,186115238098.74115,5043827139.629086
EXC,canesm2_rcp85_r1i1p1,FORE-SCE-B1,192163662673.902,188059861931.78616,4103800742.1158776
EXC,canesm2_rcp85_r1i1p1,GCAM-26,168819538702.41833,157102733146.9793,11716805555.439077
EXC,canesm2_rcp85_r1i1p1,GCAM-45,175223279257.48618,167113380253.0877,8109899004.398423
EXC,canesm2_rcp85_r1i1p1,GCAM-ref,185256970930.61588,179392846147.73776,5864124782.87817
EXC,canesm2_rcp85_r1i1p1,LUCAS-BAU_High-0001,203222221951.09756,199931465232.0553,3290756719.0422873
EXC,canesm2_rcp85_r1i1p1,LUCAS-BAU_High-0002,189645111492.76398,186185912536.47876,3459198956.285221
EXC,ccsm4_rcp26_r1i1p1,FORE-SCE-A1B,9085664139.183466,3446677874.265581,5638986264.917886
EXC,ccsm4_rcp26_r1i1p1,FORE-SCE-A2,10547735615.206043,5422159079.102517,5125576536.103528
EXC,ccsm4_rcp26_r1i1p1,FORE-SCE-B1,10062599621.72361,5961638053.3195095,4100961568.4041033
EXC,ccsm4_rcp26_r1i1p1,GCAM-26,16107537293.541388,3852010785.1058645,12255526508.435526
EXC,ccsm4_rcp26_r1i1p1,GCAM-45,12656605543.015154,4186364016.8529224,8470241526.1622305
EXC,ccsm4_rcp26_r1i1p1,GCAM-ref,9718368012.22069,3833823398.3405848,5884544613.880101
EXC,ccsm4_rcp26_r1i1p1,LUCAS-BAU_High-0001,11598479912.71504,8327268864.957169,3271211047.757869
EXC,ccsm4_rcp26_r1i1p1,LUCAS-BAU_High-0002,10589490631.549034,7212349451.378616,3377141180.170416
EXC,ccsm4_rcp45_r1i1p1,FORE-SCE-A1B,6525604591.325566,133573261.43649353,6392031329.889071
EXC,ccsm4_rcp45_r1i1p1,FORE-SCE-A2,5480087101.608098,335987005.10966134,5144100096.498437
EXC,ccsm4_rcp45_r1i1p1,FORE-SCE-B1,4850486619.8995495,576418806.4743446,4274067813.4252048
EXC,ccsm4_rcp45_r1i1p1,GCAM-26,12783403927.373667,108484101.18951742,12674919826.184149
EXC,ccsm4_rcp45_r1i1p1,GCAM-45,8934701107.640009,125089860.69372568,8809611246.946283
EXC,ccsm4_rcp45_r1i1p1,GCAM-ref,6804770526.061984,130451912.91481315,6674318613.14717
EXC,ccsm4_rcp45_r1i1p1,LUCAS-BAU_High-0001,4194552482.213565,442514031.98490494,3752038450.22866
EXC,ccsm4_rcp45_r1i1p1,LUCAS-BAU_High-0002,4144237443.3573933,411914990.0320724,3732322453.325321
EXC,ccsm4_rcp60_r1i1p1,FORE-SCE-A1B,8073768669.671848,3081589038.682676,4992179630.989173
EXC,ccsm4_rcp60_r1i1p1,FORE-SCE-A2,7562574851.843831,3577450893.7632422,3985123958.080589
EXC,ccsm4_rcp60_r1i1p1,FORE-SCE-B1,7245879650.092437,3768008063.5000777,3477871586.592361
EXC,ccsm4_rcp60_r1i1p1,GCAM-26,11527214310.488243,1409236904.716677,10117977405.771568
EXC,ccsm4_rcp60_r1i1p1,GCAM-45,9366921667.375582,2420955146.3086457,6945966521.066937
EXC,ccsm4_rcp60_r1i1p1,GCAM-ref,8467102656.955815,3180677382.5159597,5286425274.439857
EXC,ccsm4_rcp60_r1i1p1,LUCAS-BAU_High-0001,7480099334.838555,4604653535.164475,2875445799.6740794
EXC,ccsm4_rcp60_r1i1p1,LUCAS-BAU_High-0002,7539549663.02421,4552148177.614883,2987401485.409325
EXC,ccsm4_rcp85_r1i1p1,FORE-SCE-A1B,19566354433.986267,10971440824.071075,8594913609.915195
EXC,ccsm4_rcp85_r1i1p1,FORE-SCE-A2,18462636614.949966,11074284864.316101,7388351750.633865
EXC,ccsm4_rcp85_r1i1p1,FORE-SCE-B1,18106619808.85335,11596944137.223793,6509675671.62956
EXC,ccsm4_rcp85_r1i1p1,GCAM-26,25424014114.941784,9403726080.34531,16020288034.59647
EXC,ccsm4_rcp85_r1i1p1,GCAM-45,21633286718.52791,10078801527.193226,11554485191.334686
EXC,ccsm4_rcp85_r1i1p1,GCAM-ref,19738036138.197777,10940212377.417929,8797823760.779852
EXC,ccsm4_rcp85_r1i1p1,LUCAS-BAU_High-0001,17399820934.310287,12154621828.618847,5245199105.691438
EXC,ccsm4_rcp85_r1i1p1,LUCAS-BAU_High-0002,17583608107.43732,12168115353.986485,5415492753.450834
EXC,cesm1-bgc_rcp45_r1i1p1,FORE-SCE-A1B,17632513717.235672,10954269116.22602,6678244601.009651
EXC,cesm1-bgc_rcp45_r1i1p1,FORE-SCE-A2,16814614797.804068,10980753328.277058,5833861469.52701
EXC,cesm1-bgc_rcp45_r1i1p1,FORE-SCE-B1,16654792800.17922,11832260692.943623,4822532107.235596
EXC,cesm1-bgc_rcp45_r1i1p1,GCAM-26,22633053419.538685,9909268795.098455,12723784624.440235
EXC,cesm1-bgc_rcp45_r1i1p1,GCAM-45,19228822341.991024,10334767683.359116,8894054658.6319
EXC,cesm1-bgc_rcp45_r1i1p1,GCAM-ref,17905634604.11179,11343312135.522038,6562322468.589756
EXC,cesm1-bgc_rcp45_r1i1p1,LUCAS-BAU_High-0001,16537801885.67203,12516479216.623148,4021322669.0488806
EXC,cesm1-bgc_rcp45_r1i1p1,LUCAS-BAU_High-0002,16607173513.141577,12457573827.061724,4149599686.079852
EXC,cesm1-bgc_rcp85_r1i1p1,FORE-SCE-A1B,28671944051.30812,25604941089.57974,3067002961.728382
EXC,cesm1-bgc_rcp85_r1i1p1,FORE-SCE-A2,27854189261.351627,25444501902.511726,2409687358.839909
EXC,cesm1-bgc_rcp85_r1i1p1,FORE-SCE-B1,28279989104.651768,26121387118.97796,2158601985.6738143
EXC,cesm1-bgc_rcp85_r1i1p1,GCAM-26,29627641921.163643,22664250858.830894,6963391062.332742
EXC,cesm1-bgc_rcp85_r1i1p1,GCAM-45,27889513070.382862,23292788305.994278,4596724764.388587
EXC,cesm1-bgc_rcp85_r1i1p1,GCAM-ref,28828916854.659035,25644725867.234566,3184190987.424468
EXC,cesm1-bgc_rcp85_r1i1p1,LUCAS-BAU_High-0001,29638452513.92513,28009603015.809586,1628849498.1155457
EXC,cesm1-bgc_rcp85_r1i1p1,LUCAS-BAU_High-0002,29589650763.064472,27874597364.803524,1715053398.2609456
EXC,cesm1-cam5_rcp26_r1i1p1,FORE-SCE-A1B,12223173505.075315,2150273794.4257674,10072899710.649546
EXC,cesm1-cam5_rcp26_r1i1p1,FORE-SCE-A2,11194967545.776896,2409307999.9999933,8785659545.776901
EXC,cesm1-cam5_rcp26_r1i1p1,FORE-SCE-B1,10678727266.464975,2547782219.351311,8130945047.113663
EXC,cesm1-cam5_rcp26_r1i1p1,GCAM-26,18060240349.57192,1047643399.4031248,17012596950.168793
EXC,cesm1-cam5_rcp26_r1i1p1,GCAM-45,14435659325.043806,1721833999.9999967,12713825325.04381
EXC,cesm1-cam5_rcp26_r1i1p1,GCAM-ref,12244099025.346912,2255875810.3988905,9988223214.948025
EXC,cesm1-cam5_rcp26_r1i1p1,LUCAS-BAU_High-0001,9854655560.133625,3048352795.5316386,6806302764.601987
EXC,cesm1-cam5_rcp26_r1i1p1,LUCAS-BAU_High-0002,10181028455.221478,2866822140.518253,7314206314.703223
EXC,cesm1-cam5_rcp45_r1i1p1,FORE-SCE-A1B,12504184878.579378,0.0,12504184878.579378
EXC,cesm1-cam5_rcp45_r1i1p1,FORE-SCE-A2,10376237159.834564,0.0,10376237159.834564
EXC,cesm1-cam5_rcp45_r1i1p1,FORE-SCE-B1,9578045957.05622,0.0,9578045957.05622
EXC,cesm1-cam5_rcp45_r1i1p1,GCAM-26,20638852962.745953,0.0,20638852962.745953
EXC,cesm1-cam5_rcp45_r1i1p1,GCAM-45,15526154612.373493,0.0,15526154612.373493
EXC,cesm1-cam5_rcp45_r1i1p1,GCAM-ref,12496429708.921522,0.0,12496429708.921522
EXC,cesm1-cam5_rcp45_r1i1p1,LUCAS-BAU_High-0001,8579741563.986018,0.0,8579741563.986018
EXC,cesm1-cam5_rcp45_r1i1p1,LUCAS-BAU_High-0002,8941434521.558907,0.0,8941434521.558907
EXC,cesm1-cam5_rcp60_r1i1p1,FORE-SCE-A1B,13743324952.451813,2786285175.271997,10957039777.179815
EXC,cesm1-cam5_rcp60_r1i1p1,FORE-SCE-A2,12338568296.582737,2579021938.7173405,9759546357.865396
EXC,cesm1-cam5_rcp60_r1i1p1,FORE-SCE-B1,11184356322.68454,2720353903.4152184,8464002419.2693205
EXC,cesm1-cam5_rcp60_r1i1p1,GCAM-26,21844304543.41094,2019465797.9553113,19824838745.45563
EXC,cesm1-cam5_rcp60_r1i1p1,GCAM-45,17021303817.532282,2897510677.5680685,14123793139.964216
EXC,cesm1-cam5_rcp60_r1i1p1,GCAM-ref,13626524361.33379,2175176620.9479322,11451347740.38586
EXC,cesm1-cam5_rcp60_r1i1p1,LUCAS-BAU_High-0001,10006791828.170013,2761176363.592327,7245615464.577683
EXC,cesm1-cam5_rcp60_r1i1p1,LUCAS-BAU_High-0002,10234194044.258001,2774679917.011506,7459514127.2465
EXC,cesm1-cam5_rcp85_r1i1p1,FORE-SCE-A1B,32752728153.052933,17638554339.0589,15114173813.994032
EXC,cesm1-cam5_rcp85_r1i1p1,FORE-SCE-A2,31152457328.43131,18219149177.81339,12933308150.617916
EXC,cesm1-cam5_rcp85_r1i1p1,FORE-SCE-B1,29928473391.324284,18159760865.79986,11768712525.524422
EXC,cesm1-cam5_rcp85_r1i1p1,GCAM-26,41698900902.62682,17579634954.570374,24119265948.05646
EXC,cesm1-cam5_rcp85_r1i1p1,GCAM-45,36977576638.698074,17923535934.14725,19054040704.550823
EXC,cesm1-cam5_rcp85_r1i1p1,GCAM-ref,32831165507.15054,17934662252.25937,14896503254.891178
EXC,cesm1-cam5_rcp85_r1i1p1,LUCAS-BAU_High-0001,28023545721.287598,18183743517.60677,9839802203.680824
EXC,cesm1-cam5_rcp85_r1i1p1,LUCAS-BAU_High-0002,28250889639.390575,18158186347.32931,10092703292.061258
EXC,cmcc-cm_rcp45_r1i1p1,FORE-SCE-A1B,10733222526.42072,2277577287.9858103,8455645238.434908
EXC,cmcc-cm_rcp45_r1i1p1,FORE-SCE-A2,9270460722.52303,2036708499.3235812,7233752223.1994505
EXC,cmcc-cm_rcp45_r1i1p1,FORE-SCE-B1,8465470174.819259,2533283843.7082334,5932186331.111026
EXC,cmcc-cm_rcp45_r1i1p1,GCAM-26,19076902860.521656,2417624092.124964,16659278768.39669
EXC,cmcc-cm_rcp45_r1i1p1,GCAM-45,13782788225.160471,2382502118.1763325,11400286106.984142
EXC,cmcc-cm_rcp45_r1i1p1,GCAM-ref,10671975516.845814,2349653235.3748736,8322322281.470939
EXC,cmcc-cm_rcp45_r1i1p1,LUCAS-BAU_High-0001,7043295141.840165,2321832944.5554,4721462197.284764
EXC,cmcc-cm_rcp45_r1i1p1,LUCAS-BAU_High-0002,7230028636.086762,2323315301.4334636,4906713334.653299
EXC,cmcc-cm_rcp85_r1i1p1,FORE-SCE-A1B,11671862473.056343,430801689.6001247,11241060783.456219
EXC,cmcc-cm_rcp85_r1i1p1,FORE-SCE-A2,8980110468.889006,473770477.53794956,8506339991.351056
EXC,cmcc-cm_rcp85_r1i1p1,FORE-SCE-B1,8156921836.691435,464491027.7308538,7692430808.960582
EXC,cmcc-cm_rcp85_r1i1p1,GCAM-26,21807499064.24948,422489432.3512006,21385009631.89828
EXC,cmcc-cm_rcp85_r1i1p1,GCAM-45,13551549170.462418,409937607.5257407,13141611562.93668
EXC,cmcc-cm_rcp85_r1i1p1,GCAM-ref,10630561118.746277,475924055.8517846,10154637062.894493
EXC,cmcc-cm_rcp85_r1i1p1,LUCAS-BAU_High-0001,6139024277.623452,487120465.35107,5651903812.272381
EXC,cmcc-cm_rcp85_r1i1p1,LUCAS-BAU_High-0002,6323690039.634333,486783462.4993549,5836906577.134977
EXC,cnrm-cm5_rcp45_r1i1p1,FORE-SCE-A1B,17348965713.626656,13223608376.977644,4125357336.64901
EXC,cnrm-cm5_rcp45_r1i1p1,FORE-SCE-A2,16308327486.183672,12946393457.199087,3361934028.984586
EXC,cnrm-cm5_rcp45_r1i1p1,FORE-SCE-B1,18231112126.528603,15344197342.88546,2886914783.6431446
EXC,cnrm-cm5_rcp45_r1i1p1,GCAM-26,18680165425.128525,10423090338.663319,8257075086.465212
EXC,cnrm-cm5_rcp45_r1i1p1,GCAM-45,19119572176.683662,13575711188.778507,5543860987.905154
EXC,cnrm-cm5_rcp45_r1i1p1,GCAM-ref,13282522463.65825,9203547529.884357,4078974933.7738943
EXC,cnrm-cm5_rcp45_r1i1p1,LUCAS-BAU_High-0001,19472086495.58692,17072697709.31601,2399388786.270913
EXC,cnrm-cm5_rcp45_r1i1p1,LUCAS-BAU_High-0002,19421151040.635025,16940507019.87315,2480644020.7618823
EXC,cnrm-cm5_rcp85_r1i1p1,FORE-SCE-A1B,119704969371.4299,116488030922.96504,3216938448.464847
EXC,cnrm-cm5_rcp85_r1i1p1,FORE-SCE-A2,121382199477.45721,118738190984.03928,2644008493.417955
EXC,cnrm-cm5_rcp85_r1i1p1,FORE-SCE-B1,123538295631.9063,121409092744.7069,2129202887.1993957
EXC,cnrm-cm5_rcp85_r1i1p1,GCAM-26,114369777215.50858,106497295813.90074,7872481401.607839
EXC,cnrm-cm5_rcp85_r1i1p1,GCAM-45,120512270685.95018,115381317700.5653,5130952985.384881
EXC,cnrm-cm5_rcp85_r1i1p1,GCAM-ref,124080585243.52847,120627924124.5547,3452661118.973782
EXC,cnrm-cm5_rcp85_r1i1p1,LUCAS-BAU_High-0001,132463908169.39406,130846453262.5424,1617454906.8516927
EXC,cnrm-cm5_rcp85_r1i1p1,LUCAS-BAU_High-0002,125684413578.33742,124055854043.41698,1628559534.9204862
EXC,csiro-mk3-6-0_rcp26_r1i1p1,FORE-SCE-A1B,47212677936.51309,39924420950.71408,7288256985.798997
EXC,csiro-mk3-6-0_rcp26_r1i1p1,FORE-SCE-A2,48772891612.76876,43404260739.88319,5368630872.885563
EXC,csiro-mk3-6-0_rcp26_r1i1p1,FORE-SCE-B1,48360421702.662125,43719000420.85551,4641421281.8066025
EXC,csiro-mk3-6-0_rcp26_r1i1p1,GCAM-26,49714802726.44464,36036905957.67607,13677896768.76857
EXC,csiro-mk3-6-0_rcp26_r1i1p1,GCAM-45,47450411189.0097,37690079673.50679,9760331515.502913
EXC,csiro-mk3-6-0_rcp26_r1i1p1,GCAM-ref,47424790052.90348,40191366432.84367,7233423620.059809
EXC,csiro-mk3-6-0_rcp26_r1i1p1,LUCAS-BAU_High-0001,42055605529.5891,37810014978.01919,4245590551.5699124
EXC,csiro-mk3-6-0_rcp26_r1i1p1,LUCAS-BAU_High-0002,49289803611.938385,45270926081.56037,4018877530.378009
EXC,csiro-mk3-6-0_rcp45_r1i1p1,FORE-SCE-A1B,7490971664.228582,297380833.23721606,7193590830.991366
EXC,csiro-mk3-6-0_rcp45_r1i1p1,FORE-SCE-A2,5945073180.636769,115987101.74076787,5829086078.896003
EXC,csiro-mk3-6-0_rcp45_r1i1p1,FORE-SCE-B1,5581750511.998093,726797327.4728034,4854953184.52529
EXC,csiro-mk3-6-0_rcp45_r1i1p1,GCAM-26,15980937084.225348,0.0,15980937084.225348
EXC,csiro-mk3-6-0_rcp45_r1i1p1,GCAM-45,10285579260.859777,53635151.82838019,10231944109.031397
EXC,csiro-mk3-6-0_rcp45_r1i1p1,GCAM-ref,7635019543.671795,75346986.96007182,7559672556.711722
EXC,csiro-mk3-6-0_rcp45_r1i1p1,LUCAS-BAU_High-0001,4437475216.1470375,277068728.85278404,4160406487.2942533
EXC,csiro-mk3-6-0_rcp45_r1i1p1,LUCAS-BAU_High-0002,5064917893.463403,806253531.8686521,4258664361.5947504
EXC,csiro-mk3-6-0_rcp60_r1i1p1,FORE-SCE-A1B,7876949172.933798,1304199894.2865129,6572749278.647288
EXC,csiro-mk3-6-0_rcp60_r1i1p1,FORE-SCE-A2,7209616049.474804,1622376318.0278208,5587239731.446983
EXC,csiro-mk3-6-0_rcp60_r1i1p1,FORE-SCE-B1,5209325409.216973,629877353.5842528,4579448055.63272
EXC,csiro-mk3-6-0_rcp60_r1i1p1,GCAM-26,14690596722.198105,561184332.6494479,14129412389.548658
EXC,csiro-mk3-6-0_rcp60_r1i1p1,GCAM-45,10418001377.386856,1360408382.2059536,9057592995.180902
EXC,csiro-mk3-6-0_rcp60_r1i1p1,GCAM-ref,7395823606.995029,670115418.9890902,6725708188.00594
EXC,csiro-mk3-6-0_rcp60_r1i1p1,LUCAS-BAU_High-0001,5324672241.365294,1702806984.0595882,3621865257.305708
EXC,csiro-mk3-6-0_rcp60_r1i1p1,LUCAS-BAU_High-0002,5221419880.017309,1446017566.1028912,3775402313.9144187
EXC,csiro-mk3-6-0_rcp85_r1i1p1,FORE-SCE-A1B,34677514969.83642,28768799242.945873,5908715726.890529
EXC,csiro-mk3-6-0_rcp85_r1i1p1,FORE-SCE-A2,34185966955.128727,29403573318.928917,4782393636.199814
EXC,csiro-mk3-6-0_rcp85_r1i1p1,FORE-SCE-B1,41608841025.29969,37592514992.488014,4016326032.8116736
EXC,csiro-mk3-6-0_rcp85_r1i1p1,GCAM-26,35655819341.86212,22931206309.826744,12724613032.035383
EXC,csiro-mk3-6-0_rcp85_r1i1p1,GCAM-45,33929130133.58344,25520392251.266,8408737882.317444
EXC,csiro-mk3-6-0_rcp85_r1i1p1,GCAM-ref,40559236130.198814,34498122650.82482,6061113479.373989
EXC,csiro-mk3-6-0_rcp85_r1i1p1,LUCAS-BAU_High-0001,43040787541.14973,39736331238.00761,3304456303.1421266
EXC,csiro-mk3-6-0_rcp85_r1i1p1,LUCAS-BAU_High-0002,39845563256.164856,36450502330.26364,3395060925.9012146
EXC,fgoals-g2_rcp26_r1i1p1,FORE-SCE-A1B,4721168240.593361,928236654.6490136,3792931585.944348
EXC,fgoals-g2_rcp26_r1i1p1,FORE-SCE-A2,3813529874.2875457,798145215.8468192,3015384658.440726
EXC,fgoals-g2_rcp26_r1i1p1,FORE-SCE-B1,3705868068.1315312,1008841523.1828532,2697026544.948676
EXC,fgoals-g2_rcp26_r1i1p1,GCAM-26,9493651446.463257,845585025.6337448,8648066420.829512
EXC,fgoals-g2_rcp26_r1i1p1,GCAM-45,6438009608.224573,920142921.9036459,5517866686.320929
EXC,fgoals-g2_rcp26_r1i1p1,GCAM-ref,4919731184.67983,963418010.085662,3956313174.594168
EXC,fgoals-g2_rcp26_r1i1p1,LUCAS-BAU_High-0001,2543693112.1364946,462305771.81410956,2081387340.3223858
EXC,fgoals-g2_rcp26_r1i1p1,LUCAS-BAU_High-0002,3041411328.930292,729895275.1148665,2311516053.815424
FOL,access1-0_rcp45_r1i1p1,FORE-SCE-A1B,45206777531.54765,8577333999.999999,36629443531.547646
FOL,access1-0_rcp45_r1i1p1,FORE-SCE-A2,38301586602.076775,8577333999.999997,29724252602.07678
FOL,access1-0_rcp45_r1i1p1,FORE-SCE-B1,33015955734.659737,8577334000.0,24438621734.659725
FOL,access1-0_rcp45_r1i1p1,GCAM-26,87597564545.24089,8577334000.000002,79020230545.24089
FOL,access1-0_rcp45_r1i1p1,GCAM-45,60632866769.52714,8577333999.99999,52055532769.52714
FOL,access1-0_rcp45_r1i1p1,GCAM-ref,45128670075.4351,8577334000.000009,36551336075.43508
FOL,access1-0_rcp45_r1i1p1,LUCAS-BAU_High-0001,27471957360.768417,8577334000.000015,18894623360.768406
FOL,access1-0_rcp45_r1i1p1,LUCAS-BAU_High-0002,28339214453.44937,8577334000.000009,19761880453.449364
FOL,access1-0_rcp85_r1i1p1,FORE-SCE-A1B,67511173299.21445,0.0,67511173299.21445
FOL,access1-0_rcp85_r1i1p1,FORE-SCE-A2,56275879148.96977,0.0,56275879148.96977
FOL,access1-0_rcp85_r1i1p1,FORE-SCE-B1,48605229075.62321,0.0,48605229075.62321
FOL,access1-0_rcp85_r1i1p1,GCAM-26,137763945103.71246,0.0,137763945103.71246
FOL,access1-0_rcp85_r1i1p1,GCAM-45,95750086763.54054,0.0,95750086763.54054
FOL,access1-0_rcp85_r1i1p1,GCAM-ref,69008692581.28595,0.0,69008692581.28595
FOL,access1-0_rcp85_r1i1p1,LUCAS-BAU_High-0001,40099474067.30322,0.0,40099474067.30322
FOL,access1-0_rcp85_r1i1p1,LUCAS-BAU_High-0002,39243497254.53735,0.0,39243497254.53735
FOL,bcc-csm1-1-m_rcp45_r1i1p1,FORE-SCE-A1B,58398195420.25392,1185214000.0000014,57212981420.25392
FOL,bcc-csm1-1-m_rcp45_r1i1p1,FORE-SCE-A2,47665305905.04536,1185213999.9999955,46480091905.04535
FOL,bcc-csm1-1-m_rcp45_r1i1p1,FORE-SCE-B1,40741727367.936935,1185214000.0000014,39556513367.936935
FOL,bcc-csm1-1-m_rcp45_r1i1p1,GCAM-26,112292179147.18488,1185214000.0000014,111106965147.18488
FOL,bcc-csm1-1-m_rcp45_r1i1p1,GCAM-45,78405779481.60849,1185214000.0000014,77220565481.60849
FOL,bcc-csm1-1-m_rcp45_r1i1p1,GCAM-ref,56699234695.788345,1185214000.0000043,55514020695.78834
FOL,bcc-csm1-1-m_rcp45_r1i1p1,LUCAS-BAU_High-0001,34372055030.63545,1185213999.9999986,33186841030.635452
FOL,bcc-csm1-1-m_rcp45_r1i1p1,LUCAS-BAU_High-0002,35056193186.64022,1185213999.9999955,33870979186.640224
FOL,bcc-csm1-1-m_rcp85_r1i1p1,FORE-SCE-A1B,67405991913.07044,4381742855.477223,63024249057.59322
FOL,bcc-csm1-1-m_rcp85_r1i1p1,FORE-SCE-A2,58878817757.916794,4702966704.323591,54175851053.59319
FOL,bcc-csm1-1-m_rcp85_r1i1p1,FORE-SCE-B1,50277416501.778854,4604815765.24353,45672600736.53533
FOL,bcc-csm1-1-m_rcp85_r1i1p1,GCAM-26,129674860862.33658,5728758552.913037,123946102309.42355
FOL,bcc-csm1-1-m_rcp85_r1i1p1,GCAM-45,92317280370.14656,5787741589.774977,86529538780.37158
FOL,bcc-csm1-1-m_rcp85_r1i1p1,GCAM-ref,66028692615.59664,4036281090.4060693,61992411525.19056
FOL,bcc-csm1-1-m_rcp85_r1i1p1,LUCAS-BAU_High-0001,43183465945.37054,6168238333.744367,37015227611.62616
FOL,bcc-csm1-1-m_rcp85_r1i1p1,LUCAS-BAU_High-0002,42264915809.675186,4736703107.962831,37528212701.71236
FOL,bcc-csm1-1_rcp26_r1i1p1,FORE-SCE-A1B,77510279368.93869,5250824000.000013,72259455368.93867
FOL,bcc-csm1-1_rcp26_r1i1p1,FORE-SCE-A2,66621172979.27381,5250824000.000002,61370348979.273796
FOL,bcc-csm1-1_rcp26_r1i1p1,FORE-SCE-B1,57780994796.57876,5250824000.000005,52530170796.578766
FOL,bcc-csm1-1_rcp26_r1i1p1,GCAM-26,139551740157.16104,5250824000.000011,134300916157.16104
FOL,bcc-csm1-1_rcp26_r1i1p1,GCAM-45,101934575119.37622,5250824000.000006,96683751119.37625
FOL,bcc-csm1-1_rcp26_r1i1p1,GCAM-ref,78630432788.17093,5250823999.99999,73379608788.17093
FOL,bcc-csm1-1_rcp26_r1i1p1,LUCAS-BAU_High-0001,49577948445.75288,5250824000.000008,44327124445.75287
FOL,bcc-csm1-1_rcp26_r1i1p1,LUCAS-BAU_High-0002,51113849183.99413,5250824000.000005,45863025183.99413
FOL,bcc-csm1-1_rcp45_r1i1p1,FORE-SCE-A1B,66363616519.22908,7686599248.730141,58677017270.49895
FOL,bcc-csm1-1_rcp45_r1i1p1,FORE-SCE-A2,57342636704.21084,6337831470.998686,51004805233.21215
FOL,bcc-csm1-1_rcp45_r1i1p1,FORE-SCE-B1,51153907474.527725,7808013417.481038,43345894057.04669
FOL,bcc-csm1-1_rcp45_r1i1p1,GCAM-26,120078289447.25102,4878904138.894505,115199385308.3565
FOL,bcc-csm1-1_rcp45_r1i1p1,GCAM-45,86370674785.30688,6576369016.566448,79794305768.74042
FOL,bcc-csm1-1_rcp45_r1i1p1,GCAM-ref,65487262235.1235,6599720957.310216,58887541277.81328
FOL,bcc-csm1-1_rcp45_r1i1p1,LUCAS-BAU_High-0001,42086731422.46303,6732015478.61498,35354715943.848045
FOL,bcc-csm1-1_rcp45_r1i1p1,LUCAS-BAU_High-0002,42058254195.64931,6670083349.1479025,35388170846.50141
FOL,bcc-csm1-1_rcp60_r1i1p1,FORE-SCE-A1B,53000451856.60744,2886166570.9368825,50114285285.67055
FOL,bcc-csm1-1_rcp60_r1i1p1,FORE-SCE-A2,45612020189.37197,4543916846.189604,41068103343.182365
FOL,bcc-csm1-1_rcp60_r1i1p1,FORE-SCE-B1,39454906602.04449,4701262170.226508,34753644431.81797
FOL,bcc-csm1-1_rcp60_r1i1p1,GCAM-26,102328816500.19547,1596252999.999997,100732563500.1955
FOL,bcc-csm1-1_rcp60_r1i1p1,GCAM-45,71010354267.54848,1596253000.0000057,69414101267.54846
FOL,bcc-csm1-1_rcp60_r1i1p1,GCAM-ref,53719756404.80008,2456558576.1193037,51263197828.680786
FOL,bcc-csm1-1_rcp60_r1i1p1,LUCAS-BAU_High-0001,33636738824.4893,5205639210.644082,28431099613.84522
FOL,bcc-csm1-1_rcp60_r1i1p1,LUCAS-BAU_High-0002,34544271811.11596,4991965868.621605,29552305942.49435
FOL,bcc-csm1-1_rcp85_r1i1p1,FORE-SCE-A1B,138489074165.65836,81894940824.39537,56594133341.26298
FOL,bcc-csm1-1_rcp85_r1i1p1,FORE-SCE-A2,130633735908.1798,82204744999.99997,48428990908.17985
FOL,bcc-csm1-1_rcp85_r1i1p1,FORE-SCE-B1,121857227873.21112,82204745000.00003,39652482873.2111
FOL,bcc-csm1-1_rcp85_r1i1p1,GCAM-26,194964805033.71616,80859314999.99998,114105490033.7162
FOL,bcc-csm1-1_rcp85_r1i1p1,GCAM-45,158844729367.78232,80911785074.7183,77932944293.06403
FOL,bcc-csm1-1_rcp85_r1i1p1,GCAM-ref,137086706137.84755,81930236159.08482,55156469978.76275
FOL,bcc-csm1-1_rcp85_r1i1p1,LUCAS-BAU_High-0001,113162489712.63559,82204744999.99998,30957744712.635574
FOL,bcc-csm1-1_rcp85_r1i1p1,LUCAS-BAU_High-0002,114311062191.17427,82204745000.0,32106317191.174244
FOL,canesm2_rcp26_r1i1p1,FORE-SCE-A1B,103101528441.0002,48745214769.151245,54356313671.84889
FOL,canesm2_rcp26_r1i1p1,FORE-SCE-A2,91541013277.34521,46391153021.458145,45149860255.887085
FOL,canesm2_rcp26_r1i1p1,FORE-SCE-B1,86384655946.60583,47669354388.49615,38715301558.1097
FOL,canesm2_rcp26_r1i1p1,GCAM-26,153896095045.74362,47293097947.24754,106602997098.49605
FOL,canesm2_rcp26_r1i1p1,GCAM-45,121962939682.16399,48046124999.75725,73916814682.40675
FOL,canesm2_rcp26_r1i1p1,GCAM-ref,96617342304.71623,41904257513.90885,54713084790.807434
FOL,canesm2_rcp26_r1i1p1,LUCAS-BAU_High-0001,77508045039.70992,46139038732.30653,31369006307.4034
FOL,canesm2_rcp26_r1i1p1,LUCAS-BAU_High-0002,76272316057.77419,43895765810.22409,32376550247.550083
FOL,canesm2_rcp45_r1i1p1,FORE-SCE-A1B,94300140996.58998,24511730273.283707,69788410723.3063
FOL,canesm2_rcp45_r1i1p1,FORE-SCE-A2,82967838193.53973,25302518889.751564,57665319303.78816
FOL,canesm2_rcp45_r1i1p1,FORE-SCE-B1,76242997376.81361,25715213541.33727,50527783835.476326
FOL,canesm2_rcp45_r1i1p1,GCAM-26,149210323367.50827,24299817638.233353,124910505729.27492
FOL,canesm2_rcp45_r1i1p1,GCAM-45,114838442325.30661,24841299651.14231,89997142674.16432
FOL,canesm2_rcp45_r1i1p1,GCAM-ref,94137226955.73032,25871006546.18448,68266220409.54585
FOL,canesm2_rcp45_r1i1p1,LUCAS-BAU_High-0001,68064104802.36723,26330171530.103775,41733933272.26346
FOL,canesm2_rcp45_r1i1p1,LUCAS-BAU_High-0002,68003047712.45464,24572492074.218323,43430555638.236336
FOL,canesm2_rcp85_r1i1p1,FORE-SCE-A1B,515248703096.9601,454956548468.64624,60292154628.314
FOL,canesm2_rcp85_r1i1p1,FORE-SCE-A2,507467685809.9672,456222907510.15344,51244778299.81367
FOL,canesm2_rcp85_r1i1p1,FORE-SCE-B1,500585150601.3896,457138114666.538,43447035934.851654
FOL,canesm2_rcp85_r1i1p1,GCAM-26,568504554781.5275,452687644700.10944,115816910081.418
FOL,canesm2_rcp85_r1i1p1,GCAM-45,534872589075.3708,453439011627.3745,81433577447.99629
FOL,canesm2_rcp85_r1i1p1,GCAM-ref,515414879449.0122,454810552405.8629,60604327043.14943
FOL,canesm2_rcp85_r1i1p1,LUCAS-BAU_High-0001,496435586591.0608,460680006895.70825,35755579695.352486
FOL,canesm2_rcp85_r1i1p1,LUCAS-BAU_High-0002,497163688025.5465,460222301466.1582,36941386559.38831
FOL,ccsm4_rcp26_r1i1p1,FORE-SCE-A1B,66742729803.37763,28367733599.015022,38374996204.36259
FOL,ccsm4_rcp26_r1i1p1,FORE-SCE-A2,61541781910.88027,28305554989.788757,33236226921.0915
FOL,ccsm4_rcp26_r1i1p1,FORE-SCE-B1,54737243247.80321,28510411293.18891,26226831954.6143
FOL,ccsm4_rcp26_r1i1p1,GCAM-26,106898960901.1699,27167204284.470222,79731756616.69972
FOL,ccsm4_rcp26_r1i1p1,GCAM-45,80261520567.76117,26299535151.817104,53961985415.94406
FOL,ccsm4_rcp26_r1i1p1,GCAM-ref,66019453729.55178,27968075518.39887,38051378211.152916
FOL,ccsm4_rcp26_r1i1p1,LUCAS-BAU_High-0001,49118829699.70145,28351514409.41072,20767315290.29072
FOL,ccsm4_rcp26_r1i1p1,LUCAS-BAU_High-0002,50278551130.57125,28655204211.383934,21623346919.187305
FOL,ccsm4_rcp45_r1i1p1,FORE-SCE-A1B,71738558210.60307,27848628850.416008,43889929360.18706
FOL,ccsm4_rcp45_r1i1p1,FORE-SCE-A2,64896210711.57814,28825246861.379326,36070963850.19881
FOL,ccsm4_rcp45_r1i1p1,FORE-SCE-B1,59888048628.432495,29291186421.793503,30596862206.639004
FOL,ccsm4_rcp45_r1i1p1,GCAM-26,113925708935.88568,25131800786.107395,88793908149.77829
FOL,ccsm4_rcp45_r1i1p1,GCAM-45,87552449491.41243,26664102369.272186,60888347122.14027
FOL,ccsm4_rcp45_r1i1p1,GCAM-ref,73433539453.69875,28427603299.656757,45005936154.041985
FOL,ccsm4_rcp45_r1i1p1,LUCAS-BAU_High-0001,55016684248.74546,29683662121.31273,25333022127.432713
FOL,ccsm4_rcp45_r1i1p1,LUCAS-BAU_High-0002,55810660607.021484,29532604812.97948,26278055794.041996
FOL,ccsm4_rcp60_r1i1p1,FORE-SCE-A1B,74714080167.21512,36642672107.082115,38071408060.133026
FOL,ccsm4_rcp60_r1i1p1,FORE-SCE-A2,70129911271.62097,39101054070.74686,31028857200.874104
FOL,ccsm4_rcp60_r1i1p1,FORE-SCE-B1,59405315628.36916,33950828640.931503,25454486987.437683
FOL,ccsm4_rcp60_r1i1p1,GCAM-26,116142496923.7146,35601062162.092354,80541434761.62228
FOL,ccsm4_rcp60_r1i1p1,GCAM-45,90178021142.75938,36289782725.08248,53888238417.67687
FOL,ccsm4_rcp60_r1i1p1,GCAM-ref,75805116344.71979,36646623412.81508,39158492931.9047
FOL,ccsm4_rcp60_r1i1p1,LUCAS-BAU_High-0001,61180917896.94358,40415741356.855995,20765176540.087597
FOL,ccsm4_rcp60_r1i1p1,LUCAS-BAU_High-0002,58836243610.80626,37944783399.97829,20891460210.82799
FOL,ccsm4_rcp85_r1i1p1,FORE-SCE-A1B,110408469685.70874,23907046174.899055,86501423510.80968
FOL,ccsm4_rcp85_r1i1p1,FORE-SCE-A2,97966219246.70396,23701153288.56333,74265065958.14066
FOL,ccsm4_rcp85_r1i1p1,FORE-SCE-B1,89394331179.35623,23868731410.96553,65525599768.39067
FOL,ccsm4_rcp85_r1i1p1,GCAM-26,177277527700.1143,23706632571.567272,153570895128.54703
FOL,ccsm4_rcp85_r1i1p1,GCAM-45,134585940149.43994,23733153878.06907,110852786271.37086
FOL,ccsm4_rcp85_r1i1p1,GCAM-ref,109132277311.2808,23840073248.390514,85292204062.8903
FOL,ccsm4_rcp85_r1i1p1,LUCAS-BAU_High-0001,77748853610.99265,23745614244.621574,54003239366.371086
FOL,ccsm4_rcp85_r1i1p1,LUCAS-BAU_High-0002,79119609202.92053,23819121599.529133,55300487603.39138
FOL,cesm1-bgc_rcp45_r1i1p1,FORE-SCE-A1B,85504006677.16055,40561617944.84868,44942388732.31187
FOL,cesm1-bgc_rcp45_r1i1p1,FORE-SCE-A2,78990777701.5149,42260007915.35831,36730769786.15657
FOL,cesm1-bgc_rcp45_r1i1p1,FORE-SCE-B1,72945039950.28044,42312242389.25317,30632797561.027287
FOL,cesm1-bgc_rcp45_r1i1p1,GCAM-26,131882273663.40367,38758174441.70814,93124099221.69553
FOL,cesm1-bgc_rcp45_r1i1p1,GCAM-45,104185131339.18483,42040814214.82216,62144317124.36266
FOL,cesm1-bgc_rcp45_r1i1p1,GCAM-ref,85877552660.8806,40596497357.552124,45281055303.32844
FOL,cesm1-bgc_rcp45_r1i1p1,LUCAS-BAU_High-0001,63507792870.93643,38497099682.419525,25010693188.516907
FOL,cesm1-bgc_rcp45_r1i1p1,LUCAS-BAU_High-0002,66089144508.32927,40391311902.34029,25697832605.988987
FOL,cesm1-bgc_rcp85_r1i1p1,FORE-SCE-A1B,83619726103.14566,25350869415.61635,58268856687.529305
FOL,cesm1-bgc_rcp85_r1i1p1,FORE-SCE-A2,77073265172.76071,26675550161.803524,50397715010.9572
FOL,cesm1-bgc_rcp85_r1i1p1,FORE-SCE-B1,68814790068.37315,26737586471.022278,42077203597.35088
FOL,cesm1-bgc_rcp85_r1i1p1,GCAM-26,139828774424.0425,25839614673.45456,113989159750.58795
FOL,cesm1-bgc_rcp85_r1i1p1,GCAM-45,104676603997.89864,25928355760.159508,78748248237.7391
FOL,cesm1-bgc_rcp85_r1i1p1,GCAM-ref,84516938478.50705,26442572613.181202,58074365865.325806
FOL,cesm1-bgc_rcp85_r1i1p1,LUCAS-BAU_High-0001,59129807465.2933,25709922574.73808,33419884890.555214
FOL,cesm1-bgc_rcp85_r1i1p1,LUCAS-BAU_High-0002,62251808105.42032,27351354512.8135,34900453592.60683
FOL,cesm1-cam5_rcp26_r1i1p1,FORE-SCE-A1B,47924978549.23867,371322488.8777535,47553656060.36092
FOL,cesm1-cam5_rcp26_r1i1p1,FORE-SCE-A2,40468837258.40303,254869180.6838993,40213968077.71913
FOL,cesm1-cam5_rcp26_r1i1p1,FORE-SCE-B1,33784447820.34909,426377192.74419653,33358070627.60489
FOL,cesm1-cam5_rcp26_r1i1p1,GCAM-26,95533123285.15424,220705567.4194824,95312417717.73476
FOL,cesm1-cam5_rcp26_r1i1p1,GCAM-45,65448278626.3012,710510333.7986395,64737768292.50256
FOL,cesm1-cam5_rcp26_r1i1p1,GCAM-ref,47102994883.07475,343475539.8057896,46759519343.26896
FOL,cesm1-cam5_rcp26_r1i1p1,LUCAS-BAU_High-0001,27215368770.739193,823450123.0793656,26391918647.65983
FOL,cesm1-cam5_rcp26_r1i1p1,LUCAS-BAU_High-0002,28428933400.6114,857398962.7611096,27571534437.85029
FOL,cesm1-cam5_rcp45_r1i1p1,FORE-SCE-A1B,69816197512.0416,9173716892.241768,60642480619.79983
FOL,cesm1-cam5_rcp45_r1i1p1,FORE-SCE-A2,59623595754.17302,9264118610.040205,50359477144.13282
FOL,cesm1-cam5_rcp45_r1i1p1,FORE-SCE-B1,52909574265.29245,9381060629.05622,43528513636.23624
FOL,cesm1-cam5_rcp45_r1i1p1,GCAM-26,124267086657.9693,7981708092.325333,116285378565.64398
FOL,cesm1-cam5_rcp45_r1i1p1,GCAM-45,90430839783.42744,8021703241.390668,82409136542.03677
FOL,cesm1-cam5_rcp45_r1i1p1,GCAM-ref,70314996360.2177,8723787069.417385,61591209290.8003
FOL,cesm1-cam5_rcp45_r1i1p1,LUCAS-BAU_High-0001,45300864435.68345,9744756934.23083,35556107501.452614
FOL,cesm1-cam5_rcp45_r1i1p1,LUCAS-BAU_High-0002,46602885400.83537,9731652348.55494,36871233052.280426
FOL,cesm1-cam5_rcp60_r1i1p1,FORE-SCE-A1B,65522050782.21505,0.0,65522050782.21505
FOL,cesm1-cam5_rcp60_r1i1p1,FORE-SCE-A2,56022681062.268654,0.0,56022681062.268654
FOL,cesm1-cam5_rcp60_r1i1p1,FORE-SCE-B1,48300999342.53756,0.0,48300999342.53756
FOL,cesm1-cam5_rcp60_r1i1p1,GCAM-26,121100326659.94597,0.0,121100326659.94597
FOL,cesm1-cam5_rcp60_r1i1p1,GCAM-45,87500208619.88199,0.0,87500208619.88199
FOL,cesm1-cam5_rcp60_r1i1p1,GCAM-ref,65520056431.62528,0.0,65520056431.62528
FOL,cesm1-cam5_rcp60_r1i1p1,LUCAS-BAU_High-0001,39928599395.48325,0.0,39928599395.48325
FOL,cesm1-cam5_rcp60_r1i1p1,LUCAS-BAU_High-0002,41370166485.29097,0.0,41370166485.29097
FOL,cesm1-cam5_rcp85_r1i1p1,FORE-SCE-A1B,108321086438.16599,30796562906.37737,77524523531.78862
FOL,cesm1-cam5_rcp85_r1i1p1,FORE-SCE-A2,97276740172.43109,29881543000.000004,67395197172.43109
FOL,cesm1-cam5_rcp85_r1i1p1,FORE-SCE-B1,88674478288.74493,30764290420.90862,57910187867.83635
FOL,cesm1-cam5_rcp85_r1i1p1,GCAM-26,171735979104.16354,31420735880.49677,140315243223.66675
FOL,cesm1-cam5_rcp85_r1i1p1,GCAM-45,141431354612.0985,30152590723.96839,111278763888.1301
FOL,cesm1-cam5_rcp85_r1i1p1,GCAM-ref,107791631616.67372,31368381209.123558,76423250407.55016
FOL,cesm1-cam5_rcp85_r1i1p1,LUCAS-BAU_High-0001,78575082349.4367,31602641259.571083,46972441089.86565
FOL,cesm1-cam5_rcp85_r1i1p1,LUCAS-BAU_High-0002,80146617452.36137,31618964321.260185,48527653131.10116
FOL,cmcc-cm_rcp45_r1i1p1,FORE-SCE-A1B,64477207621.88818,13691215268.994959,50785992352.89323
FOL,cmcc-cm_rcp45_r1i1p1,FORE-SCE-A2,56079814306.22,14492185718.456736,41587628587.76326
FOL,cmcc-cm_rcp45_r1i1p1,FORE-SCE-B1,49713792212.945435,14355176339.506445,35358615873.43897
FOL,cmcc-cm_rcp45_r1i1p1,GCAM-26,115706360416.33664,11456729645.975847,104249630770.36078
FOL,cmcc-cm_rcp45_r1i1p1,GCAM-45,83475652517.7207,12530919436.368328,70944733081.3524
FOL,cmcc-cm_rcp45_r1i1p1,GCAM-ref,64111184939.20289,13063046644.613722,51048138294.58915
FOL,cmcc-cm_rcp45_r1i1p1,LUCAS-BAU_High-0001,42808334577.12698,14902094144.59759,27906240432.529385
FOL,cmcc-cm_rcp45_r1i1p1,LUCAS-BAU_High-0002,43954676646.07531,14870014799.696022,29084661846.379276
FOL,cmcc-cm_rcp85_r1i1p1,FORE-SCE-A1B,91489041399.09099,0.0,91489041399.09099
FOL,cmcc-cm_rcp85_r1i1p1,FORE-SCE-A2,77998580766.12747,0.0,77998580766.12747
FOL,cmcc-cm_rcp85_r1i1p1,FORE-SCE-B1,66868433876.18862,0.0,66868433876.18862
FOL,cmcc-cm_rcp85_r1i1p1,GCAM-26,155152796112.46722,0.0,155152796112.46722
FOL,cmcc-cm_rcp85_r1i1p1,GCAM-45,115273378967.31146,0.0,115273378967.31146
FOL,cmcc-cm_rcp85_r1i1p1,GCAM-ref,86656381232.81969,0.0,86656381232.81969
FOL,cmcc-cm_rcp85_r1i1p1,LUCAS-BAU_High-0001,56729059485.87083,0.0,56729059485.87083
FOL,cmcc-cm_rcp85_r1i1p1,LUCAS-BAU_High-0002,56981988877.45013,0.0,56981988877.45013
FOL,cnrm-cm5_rcp45_r1i1p1,FORE-SCE-A1B,117022917968.1795,77444852400.63396,39578065567.5456
FOL,cnrm-cm5_rcp45_r1i1p1,FORE-SCE-A2,115249441476.18932,84189549526.08481,31059891950.104496
FOL,cnrm-cm5_rcp45_r1i1p1,FORE-SCE-B1,116255961681.51146,90203091588.73218,26052870092.779255
FOL,cnrm-cm5_rcp45_r1i1p1,GCAM-26,158506387524.89456,73606951680.76408,84899435844.13046
FOL,cnrm-cm5_rcp45_r1i1p1,GCAM-45,130102963426.56483,74018407074.44618,56084556352.11859
FOL,cnrm-cm5_rcp45_r1i1p1,GCAM-ref,113930565378.99222,74325446109.58522,39605119269.40696
FOL,cnrm-cm5_rcp45_r1i1p1,LUCAS-BAU_High-0001,108906100799.77747,88694548811.15707,20211551988.620377
FOL,cnrm-cm5_rcp45_r1i1p1,LUCAS-BAU_High-0002,99899395415.02567,78271717209.356,21627678205.669678
FOL,cnrm-cm5_rcp85_r1i1p1,FORE-SCE-A1B,332472631302.2354,285489184116.9514,46983447185.28394
FOL,cnrm-cm5_rcp85_r1i1p1,FORE-SCE-A2,328647639144.36646,289721592171.50415,38926046972.862366
FOL,cnrm-cm5_rcp85_r1i1p1,FORE-SCE-B1,324321833931.004,291927228142.275,32394605788.728905
FOL,cnrm-cm5_rcp85_r1i1p1,GCAM-26,371385254126.5364,274596287249.0293,96788966877.50702
FOL,cnrm-cm5_rcp85_r1i1p1,GCAM-45,345211762297.39526,279944084026.7357,65267678270.65947
FOL,cnrm-cm5_rcp85_r1i1p1,GCAM-ref,331323482599.2555,284679290181.89557,46644192417.36007
FOL,cnrm-cm5_rcp85_r1i1p1,LUCAS-BAU_High-0001,319050786543.9905,294064671099.83887,24986115444.151604
FOL,cnrm-cm5_rcp85_r1i1p1,LUCAS-BAU_High-0002,319733650427.10956,293666237044.863,26067413382.24657
FOL,csiro-mk3-6-0_rcp26_r1i1p1,FORE-SCE-A1B,68775370808.55405,247782215.37075296,68527588593.18329
FOL,csiro-mk3-6-0_rcp26_r1i1p1,FORE-SCE-A2,58212224562.125435,256359183.64172393,57955865378.48371
FOL,csiro-mk3-6-0_rcp26_r1i1p1,FORE-SCE-B1,51413619344.761505,289608372.8001802,51124010971.96132
FOL,csiro-mk3-6-0_rcp26_r1i1p1,GCAM-26,124220995553.71544,169826238.31974342,124051169315.3957
FOL,csiro-mk3-6-0_rcp26_r1i1p1,GCAM-45,89855125469.90366,191430503.11287224,89663694966.79077
FOL,csiro-mk3-6-0_rcp26_r1i1p1,GCAM-ref,69921701573.5259,228552880.80892643,69693148692.71696
FOL,csiro-mk3-6-0_rcp26_r1i1p1,LUCAS-BAU_High-0001,43947960530.25068,283412707.27129304,43664547822.979385
FOL,csiro-mk3-6-0_rcp26_r1i1p1,LUCAS-BAU_High-0002,46065909178.28942,174204369.20830688,45891704809.081116
FOL,csiro-mk3-6-0_rcp45_r1i1p1,FORE-SCE-A1B,73752658261.19812,0.0,73752658261.19812
FOL,csiro-mk3-6-0_rcp45_r1i1p1,FORE-SCE-A2,62447117362.2879,0.0,62447117362.2879
FOL,csiro-mk3-6-0_rcp45_r1i1p1,FORE-SCE-B1,53761812549.28823,0.0,53761812549.28823
FOL,csiro-mk3-6-0_rcp45_r1i1p1,GCAM-26,137042860607.90788,0.0,137042860607.90788
FOL,csiro-mk3-6-0_rcp45_r1i1p1,GCAM-45,98323331702.22495,0.0,98323331702.22495
FOL,csiro-mk3-6-0_rcp45_r1i1p1,GCAM-ref,75026644719.01898,0.0,75026644719.01898
FOL,csiro-mk3-6-0_rcp45_r1i1p1,LUCAS-BAU_High-0001,44653427868.91392,0.0,44653427868.91392
FOL,csiro-mk3-6-0_rcp45_r1i1p1,LUCAS-BAU_High-0002,46414531602.97972,0.0,46414531602.97972
FOL,csiro-mk3-6-0_rcp60_r1i1p1,FORE-SCE-A1B,71408867115.22464,26767502230.66651,44641364884.55811
FOL,csiro-mk3-6-0_rcp60_r1i1p1,FORE-SCE-A2,61824888029.90451,24869376856.77201,36955511173.13251
FOL,csiro-mk3-6-0_rcp60_r1i1p1,FORE-SCE-B1,57244714022.32668,27039465554.604095,30205248467.72261
FOL,csiro-mk3-6-0_rcp60_r1i1p1,GCAM-26,118260041707.27422,25149760418.72914,93110281288.54509
FOL,csiro-mk3-6-0_rcp60_r1i1p1,GCAM-45,89736719185.60068,27100488711.766544,62636230473.8342
FOL,csiro-mk3-6-0_rcp60_r1i1p1,GCAM-ref,69612664512.4313,25201758512.51836,44410905999.91295
FOL,csiro-mk3-6-0_rcp60_r1i1p1,LUCAS-BAU_High-0001,51015320830.888145,27444637701.964058,23570683128.924057
FOL,csiro-mk3-6-0_rcp60_r1i1p1,LUCAS-BAU_High-0002,51961110496.65521,27401925505.188236,24559184991.467
FOL,csiro-mk3-6-0_rcp85_r1i1p1,FORE-SCE-A1B,81998720276.5277,14341628326.690187,67657091949.83749
FOL,csiro-mk3-6-0_rcp85_r1i1p1,FORE-SCE-A2,72120823707.50352,14580779760.617342,57540043946.886185
FOL,csiro-mk3-6-0_rcp85_r1i1p1,FORE-SCE-B1,63430762080.537506,14437475252.231485,48993286828.30604
FOL,csiro-mk3-6-0_rcp85_r1i1p1,GCAM-26,142128498685.13495,12300241528.118015,129828257157.01692
FOL,csiro-mk3-6-0_rcp85_r1i1p1,GCAM-45,105280329851.0208,14184447099.193474,91095882751.82735
FOL,csiro-mk3-6-0_rcp85_r1i1p1,GCAM-ref,80620382007.0054,12393068420.938015,68227313586.067375
FOL,csiro-mk3-6-0_rcp85_r1i1p1,LUCAS-BAU_High-0001,52083559971.25855,12484723770.528421,39598836200.73011
FOL,csiro-mk3-6-0_rcp85_r1i1p1,LUCAS-BAU_High-0002,55683156329.45023,14453121217.18713,41230035112.263115
FOL,fgoals-g2_rcp26_r1i1p1,FORE-SCE-A1B,57185720579.41984,0.0,57185720579.41984
FOL,fgoals-g2_rcp26_r1i1p1,FORE-SCE-A2,47607292843.52886,0.0,47607292843.52886
FOL,fgoals-g2_rcp26_r1i1p1,FORE-SCE-B1,41737686476.50889,0.0,41737686476.50889
FOL,fgoals-g2_rcp26_r1i1p1,GCAM-26,106951709406.18018,0.0,106951709406.18018
FOL,fgoals-g2_rcp26_r1i1p1,GCAM-45,75517446184.71698,0.0,75517446184.71698
FOL,fgoals-g2_rcp26_r1i1p1,GCAM-ref,57833837870.79832,0.0,57833837870.79832
FOL,fgoals-g2_rcp26_r1i1p1,LUCAS-BAU_High-0001,34713046217.35345,0.0,34713046217.35345
FOL,fgoals-g2_rcp26_r1i1p1,LUCAS-BAU_High-0002,36156327214.16778,0.0,36156327214.16778
MIL,access1-0_rcp45_r1i1p1,FORE-SCE-A1B,210634447981.90317,109773788134.71082,100860659847.19243
MIL,access1-0_rcp45_r1i1p1,FORE-SCE-A2,198556727912.9419,109072969067.03091,89483758845.91098
MIL,access1-0_rcp45_r1i1p1,FORE-SCE-B1,185767011090.84036,105720041443.24232,80046969647.59807
MIL,access1-0_rcp45_r1i1p1,GCAM-26,269364471145.4669,110322068067.24658,159042403078.22037
MIL,access1-0_rcp45_r1i1p1,GCAM-45,234446754078.31784,110863609731.45235,123583144346.86563
MIL,access1-0_rcp45_r1i1p1,GCAM-ref,211488626143.36716,110020882275.6008,101467743867.76639
MIL,access1-0_rcp45_r1i1p1,LUCAS-BAU_High-0001,179020856838.76373,108398550455.42813,70622306383.3356
MIL,access1-0_rcp45_r1i1p1,LUCAS-BAU_High-0002,180671560637.07892,108452419448.41318,72219141188.66574
MIL,access1-0_rcp85_r1i1p1,FORE-SCE-A1B,176581648435.87836,41337064820.68321,135244583615.19511
MIL,access1-0_rcp85_r1i1p1,FORE-SCE-A2,161244170910.6123,40594196301.08589,120649974609.52643
MIL,access1-0_rcp85_r1i1p1,FORE-SCE-B1,150650727559.55017,40376886267.26607,110273841292.28413
MIL,access1-0_rcp85_r1i1p1,GCAM-26,249824988547.4372,43440692694.224915,206384295853.21225
MIL,access1-0_rcp85_r1i1p1,GCAM-45,205959590586.13635,42378727154.903824,163580863431.23264
MIL,access1-0_rcp85_r1i1p1,GCAM-ref,175833094147.0294,41435106487.01911,134397987660.01021
MIL,access1-0_rcp85_r1i1p1,LUCAS-BAU_High-0001,137626899059.3593,39963258265.558876,97663640793.80048
MIL,access1-0_rcp85_r1i1p1,LUCAS-BAU_High-0002,139734214213.1891,40022271123.653694,99711943089.53539
MIL,bcc-csm1-1-m_rcp45_r1i1p1,FORE-SCE-A1B,217558196748.43884,126935108951.83115,90623087796.60773
MIL,bcc-csm1-1-m_rcp45_r1i1p1,FORE-SCE-A2,205860916633.59158,125147518863.48457,80713397770.10706
MIL,bcc-csm1-1-m_rcp45_r1i1p1,FORE-SCE-B1,197110418509.2392,124458890801.31033,72651527707.92886
MIL,bcc-csm1-1-m_rcp45_r1i1p1,GCAM-26,278154302080.0081,132212508885.0734,145941793194.93475
MIL,bcc-csm1-1-m_rcp45_r1i1p1,GCAM-45,242239689610.88858,129371591488.25423,112868098122.63435
MIL,bcc-csm1-1-m_rcp45_r1i1p1,GCAM-ref,218547943133.2153,127066231691.4531,91481711441.76224
MIL,bcc-csm1-1-m_rcp45_r1i1p1,LUCAS-BAU_High-0001,187630015510.83408,124506147976.9477,63123867533.88637
MIL,bcc-csm1-1-m_rcp45_r1i1p1,LUCAS-BAU_High-0002,188509245445.34845,124127904225.03996,64381341220.308495
MIL,bcc-csm1-1-m_rcp85_r1i1p1,FORE-SCE-A1B,428814776331.9091,337525313137.6772,91289463194.2319
MIL,bcc-csm1-1-m_rcp85_r1i1p1,FORE-SCE-A2,419771341764.94257,337932928752.88855,81838413012.05417
MIL,bcc-csm1-1-m_rcp85_r1i1p1,FORE-SCE-B1,410661730421.70337,337353623570.57275,73308106851.13058
MIL,bcc-csm1-1-m_rcp85_r1i1p1,GCAM-26,487678651727.59607,341474807413.1743,146203844314.4217
MIL,bcc-csm1-1-m_rcp85_r1i1p1,GCAM-45,453447477689.3936,340050411269.6314,113397066419.76228
MIL,bcc-csm1-1-m_rcp85_r1i1p1,GCAM-ref,427299271115.5355,336493117987.82684,90806153127.7088
MIL,bcc-csm1-1-m_rcp85_r1i1p1,LUCAS-BAU_High-0001,398273137899.5596,335645282876.9665,62627855022.59319
MIL,bcc-csm1-1-m_rcp85_r1i1p1,LUCAS-BAU_High-0002,399776593376.08026,335684744449.55835,64091848926.521996
MIL,bcc-csm1-1_rcp26_r1i1p1,FORE-SCE-A1B,214054361326.28336,102209369463.03023,111844991863.25307
MIL,bcc-csm1-1_rcp26_r1i1p1,FORE-SCE-A2,200238157119.08258,101126642175.83426,99111514943.24841
MIL,bcc-csm1-1_rcp26_r1i1p1,FORE-SCE-B1,191482966735.5987,101423924472.98878,90059042262.60988
MIL,bcc-csm1-1_rcp26_r1i1p1,GCAM-26,277235099283.7237,103517517966.7104,173717581317.01337
MIL,bcc-csm1-1_rcp26_r1i1p1,GCAM-45,236885696552.84448,101217184338.94382,135668512213.90067
MIL,bcc-csm1-1_rcp26_r1i1p1,GCAM-ref,214828572612.28772,102092082320.10129,112736490292.18651
MIL,bcc-csm1-1_rcp26_r1i1p1,LUCAS-BAU_High-0001,181208830849.40823,101196136471.58813,80012694377.82013
MIL,bcc-csm1-1_rcp26_r1i1p1,LUCAS-BAU_High-0002,184122495404.6684,101751413089.73387,82371082314.93465
MIL,bcc-csm1-1_rcp45_r1i1p1,FORE-SCE-A1B,223962979744.634,119798034173.77484,104164945570.85913
MIL,bcc-csm1-1_rcp45_r1i1p1,FORE-SCE-A2,207268650202.46463,116266174267.28311,91002475935.18158
MIL,bcc-csm1-1_rcp45_r1i1p1,FORE-SCE-B1,192620370840.2097,110228804120.51216,82391566719.69748
MIL,bcc-csm1-1_rcp45_r1i1p1,GCAM-26,275757518847.66455,113961380092.81557,161796138754.8491
MIL,bcc-csm1-1_rcp45_r1i1p1,GCAM-45,239743993786.82352,113000596093.18195,126743397693.64151
MIL,bcc-csm1-1_rcp45_r1i1p1,GCAM-ref,213971407848.15897,110236807918.49026,103734599929.66858
MIL,bcc-csm1-1_rcp45_r1i1p1,LUCAS-BAU_High-0001,182670372326.7987,109201432806.68892,73468939520.10977
MIL,bcc-csm1-1_rcp45_r1i1p1,LUCAS-BAU_High-0002,183173167553.9111,108394343524.26831,74778824029.6428
MIL,bcc-csm1-1_rcp60_r1i1p1,FORE-SCE-A1B,246782435172.7391,150436025747.84225,96346409424.89685
MIL,bcc-csm1-1_rcp60_r1i1p1,FORE-SCE-A2,233734075812.4876,148034739579.04282,85699336233.44484
MIL,bcc-csm1-1_rcp60_r1i1p1,FORE-SCE-B1,224330072470.24,147458895030.11874,76871177440.12137
MIL,bcc-csm1-1_rcp60_r1i1p1,GCAM-26,303105504895.9312,150739353883.07504,152366151012.8562
MIL,bcc-csm1-1_rcp60_r1i1p1,GCAM-45,271238848618.2966,152675581654.78827,118563266963.50833
MIL,bcc-csm1-1_rcp60_r1i1p1,GCAM-ref,249926109657.00497,151448086910.092,98478022746.913
MIL,bcc-csm1-1_rcp60_r1i1p1,LUCAS-BAU_High-0001,215562300054.5131,146883553196.26462,68678746858.24843
MIL,bcc-csm1-1_rcp60_r1i1p1,LUCAS-BAU_High-0002,218914931433.2566,148333551717.77545,70581379715.48122
MIL,bcc-csm1-1_rcp85_r1i1p1,FORE-SCE-A1B,366895982525.71686,251849409112.09692,115046573413.6199
MIL,bcc-csm1-1_rcp85_r1i1p1,FORE-SCE-A2,353933420359.1301,250594609805.0173,103338810554.11282
MIL,bcc-csm1-1_rcp85_r1i1p1,FORE-SCE-B1,343282456934.4225,249990485189.5682,93291971744.85434
MIL,bcc-csm1-1_rcp85_r1i1p1,GCAM-26,434382759037.7816,256614239823.03918,177768519214.7425
MIL,bcc-csm1-1_rcp85_r1i1p1,GCAM-45,393689714558.4605,253718894038.58804,139970820519.87262
MIL,bcc-csm1-1_rcp85_r1i1p1,GCAM-ref,366355578793.5712,251699625488.60095,114655953304.97015
MIL,bcc-csm1-1_rcp85_r1i1p1,LUCAS-BAU_High-0001,331237607516.4167,248974948091.82126,82262659424.59532
MIL,bcc-csm1-1_rcp85_r1i1p1,LUCAS-BAU_High-0002,333189635816.3496,249098863427.93195,84090772388.41759
MIL,canesm2_rcp26_r1i1p1,FORE-SCE-A1B,869238524864.4447,789517351752.5331,79721173111.91164
MIL,canesm2_rcp26_r1i1p1,FORE-SCE-A2,857473729361.8796,787745144173.2908,69728585188.58893
MIL,canesm2_rcp26_r1i1p1,FORE-SCE-B1,856434095351.5569,792726294421.7634,63707800929.793396
MIL,canesm2_rcp26_r1i1p1,GCAM-26,921134430799.1365,792272155564.1173,128862275235.0193
MIL,canesm2_rcp26_r1i1p1,GCAM-45,889617953969.4644,790620073033.5037,98997880935.96057
MIL,canesm2_rcp26_r1i1p1,GCAM-ref,871113862898.4661,790576676058.8154,80537186839.65112
MIL,canesm2_rcp26_r1i1p1,LUCAS-BAU_High-0001,844157358546.708,788757728343.0103,55399630203.6977
MIL,canesm2_rcp26_r1i1p1,LUCAS-BAU_High-0002,849082846119.2623,792098451553.2235,56984394566.03889
MIL,canesm2_rcp45_r1i1p1,FORE-SCE-A1B,389766672641.3741,301128540349.8276,88638132291.54651
MIL,canesm2_rcp45_r1i1p1,FORE-SCE-A2,378551686948.6388,300150555423.0092,78401131525.62971
MIL,canesm2_rcp45_r1i1p1,FORE-SCE-B1,368934057237.8462,298521693677.247,70412363560.59912
MIL,canesm2_rcp45_r1i1p1,GCAM-26,455025853323.3453,313470091606.3461,141555761716.9993
MIL,canesm2_rcp45_r1i1p1,GCAM-45,419474629215.5857,309456832005.1158,110017797210.4699
MIL,canesm2_rcp45_r1i1p1,GCAM-ref,395307244222.01013,305617321824.91486,89689922397.09535
MIL,canesm2_rcp45_r1i1p1,LUCAS-BAU_High-0001,356860255839.1273,294828039121.5572,62032216717.57006
MIL,canesm2_rcp45_r1i1p1,LUCAS-BAU_High-0002,358583953181.29144,295136830010.3986,63447123170.892876
MIL,canesm2_rcp85_r1i1p1,FORE-SCE-A1B,1490068163895.9106,1390400293149.8635,99667870746.0471
MIL,canesm2_rcp85_r1i1p1,FORE-SCE-A2,1485134434426.2083,1396190554773.8518,88943879652.35648
MIL,canesm2_rcp85_r1i1p1,FORE-SCE-B1,1474274871771.7375,1393938204553.0896,80336667218.64766
MIL,canesm2_rcp85_r1i1p1,GCAM-26,1559444762934.058,1404195766822.6226,155248996111.4361
MIL,canesm2_rcp85_r1i1p1,GCAM-45,1518778327246.8193,1397593133717.2266,121185193529.5932
MIL,canesm2_rcp85_r1i1p1,GCAM-ref,1494907648773.4043,1395640716892.8943,99266931880.50989
MIL,canesm2_rcp85_r1i1p1,LUCAS-BAU_High-0001,1464634565529.4412,1393464166532.7668,71170398996.67447
MIL,canesm2_rcp85_r1i1p1,LUCAS-BAU_High-0002,1465359435491.2803,1392346263678.416,73013171812.86417
MIL,ccsm4_rcp26_r1i1p1,FORE-SCE-A1B,524536031891.5411,443482930078.1816,81053101813.35953
MIL,ccsm4_rcp26_r1i1p1,FORE-SCE-A2,514395384492.84143,442357567506.42004,72037816986.42133
MIL,ccsm4_rcp26_r1i1p1,FORE-SCE-B1,506854900864.7799,441915094317.3351,64939806547.44473
MIL,ccsm4_rcp26_r1i1p1,GCAM-26,578164981557.1956,449245070229.7958,128919911327.39948
MIL,ccsm4_rcp26_r1i1p1,GCAM-45,545998398712.63916,446048817763.6097,99949580949.02977
MIL,ccsm4_rcp26_r1i1p1,GCAM-ref,525371670081.81006,443817538708.1212,81554131373.68881
MIL,ccsm4_rcp26_r1i1p1,LUCAS-BAU_High-0001,497968773491.5769,440750655236.9644,57218118254.61238
MIL,ccsm4_rcp26_r1i1p1,LUCAS-BAU_High-0002,499008223111.4901,440545923223.9353,58462299887.55466
MIL,ccsm4_rcp45_r1i1p1,FORE-SCE-A1B,399399161847.35205,306787945098.351,92611216749.00108
MIL,ccsm4_rcp45_r1i1p1,FORE-SCE-A2,385777924291.4838,304994589295.5258,80783334995.95801
MIL,ccsm4_rcp45_r1i1p1,FORE-SCE-B1,377694263498.02264,303882432482.0829,73811831015.93996
MIL,ccsm4_rcp45_r1i1p1,GCAM-26,459897736640.70245,314645704605.89636,145252032034.8061
MIL,ccsm4_rcp45_r1i1p1,GCAM-45,424126244485.99805,310066327643.9963,114059916842.00159
MIL,ccsm4_rcp45_r1i1p1,GCAM-ref,398875904370.2246,304614916921.8437,94260987448.38101
MIL,ccsm4_rcp45_r1i1p1,LUCAS-BAU_High-0001,368214522315.41064,302252059786.8692,65962462528.541565
MIL,ccsm4_rcp45_r1i1p1,LUCAS-BAU_High-0002,370566269520.3838,302565038786.20734,68001230734.17646
MIL,ccsm4_rcp60_r1i1p1,FORE-SCE-A1B,421708996310.4429,342796924320.89746,78912071989.54549
MIL,ccsm4_rcp60_r1i1p1,FORE-SCE-A2,410556030688.4181,341900553880.18677,68655476808.23146
MIL,ccsm4_rcp60_r1i1p1,FORE-SCE-B1,399255729149.70905,337037768527.9022,62217960621.806915
MIL,ccsm4_rcp60_r1i1p1,GCAM-26,476715012796.474,349896513809.3234,126818498987.15067
MIL,ccsm4_rcp60_r1i1p1,GCAM-45,449145169759.58746,350216829046.3844,98928340713.2031
MIL,ccsm4_rcp60_r1i1p1,GCAM-ref,423275122887.1083,342115469618.7183,81159653268.3899
MIL,ccsm4_rcp60_r1i1p1,LUCAS-BAU_High-0001,391582731279.8587,335831328067.8942,55751403211.96444
MIL,ccsm4_rcp60_r1i1p1,LUCAS-BAU_High-0002,395953487388.52014,338591949879.8927,57361537508.62746
MIL,ccsm4_rcp85_r1i1p1,FORE-SCE-A1B,497395810409.7103,390266366175.8084,107129444233.90192
MIL,ccsm4_rcp85_r1i1p1,FORE-SCE-A2,482956428246.81195,387943860563.6911,95012567683.1209
MIL,ccsm4_rcp85_r1i1p1,FORE-SCE-B1,472174901268.08417,385789954328.24567,86384946939.83865
MIL,ccsm4_rcp85_r1i1p1,GCAM-26,567077281387.7991,399980299752.7292,167096981635.06982
MIL,ccsm4_rcp85_r1i1p1,GCAM-45,522462969705.27386,391863314153.0819,130599655552.19183
MIL,ccsm4_rcp85_r1i1p1,GCAM-ref,499192624695.5252,391303746764.11536,107888877931.40977
MIL,ccsm4_rcp85_r1i1p1,LUCAS-BAU_High-0001,461729173403.32855,385326110275.3639,76403063127.96465
MIL,ccsm4_rcp85_r1i1p1,LUCAS-BAU_High-0002,463019780015.45044,384972539181.99426,78047240833.45615
MIL,cesm1-bgc_rcp45_r1i1p1,FORE-SCE-A1B,564358704266.8921,486581973463.3332,77776730803.55876
MIL,cesm1-bgc_rcp45_r1i1p1,FORE-SCE-A2,554915608263.27,486299149160.0705,68616459103.19962
MIL,cesm1-bgc_rcp45_r1i1p1,FORE-SCE-B1,547554362827.69806,485705878007.698,61848484820.00004
MIL,cesm1-bgc_rcp45_r1i1p1,GCAM-26,613858975933.3043,490141146312.3323,123717829620.97197
MIL,cesm1-bgc_rcp45_r1i1p1,GCAM-45,583406218347.9744,487492412885.91815,95913805462.05594
MIL,cesm1-bgc_rcp45_r1i1p1,GCAM-ref,564096605107.9568,486057056589.73914,78039548518.2175
MIL,cesm1-bgc_rcp45_r1i1p1,LUCAS-BAU_High-0001,539320841590.25024,485472762599.26807,53848078990.98245
MIL,cesm1-bgc_rcp45_r1i1p1,LUCAS-BAU_High-0002,541760312768.6402,485925275707.94556,55835037060.69452
MIL,cesm1-bgc_rcp85_r1i1p1,FORE-SCE-A1B,660430923357.1953,570234394932.9446,90196528424.25067
MIL,cesm1-bgc_rcp85_r1i1p1,FORE-SCE-A2,644507715683.9037,565078509379.8749,79429206304.02861
MIL,cesm1-bgc_rcp85_r1i1p1,FORE-SCE-B1,637895134678.2996,565551580444.1376,72343554234.16211
MIL,cesm1-bgc_rcp85_r1i1p1,GCAM-26,714331681854.5565,572954739924.7216,141376941929.83478
MIL,cesm1-bgc_rcp85_r1i1p1,GCAM-45,686464461348.8712,575365700198.8517,111098761150.01976
MIL,cesm1-bgc_rcp85_r1i1p1,GCAM-ref,660857825991.7262,570249276145.8693,90608549845.85716
MIL,cesm1-bgc_rcp85_r1i1p1,LUCAS-BAU_High-0001,625422758579.9521,562124724348.5072,63298034231.44513
MIL,cesm1-bgc_rcp85_r1i1p1,LUCAS-BAU_High-0002,625727794722.2322,560798663000.7632,64929131721.46917
MIL,cesm1-cam5_rcp26_r1i1p1,FORE-SCE-A1B,743149791991.9266,667962318475.1293,75187473516.79715
MIL,cesm1-cam5_rcp26_r1i1p1,FORE-SCE-A2,733511779862.9888,667470475829.2379,66041304033.75103
MIL,cesm1-cam5_rcp26_r1i1p1,FORE-SCE-B1,725863811117.1523,666384573758.7329,59479237358.41933
MIL,cesm1-cam5_rcp26_r1i1p1,GCAM-26,793917857492.0708,674184209060.4462,119733648431.62408
MIL,cesm1-cam5_rcp26_r1i1p1,GCAM-45,765326577367.8519,672249953806.4841,93076623561.36772
MIL,cesm1-cam5_rcp26_r1i1p1,GCAM-ref,743620167286.732,668532930722.7377,75087236563.99438
MIL,cesm1-cam5_rcp26_r1i1p1,LUCAS-BAU_High-0001,721434256649.0265,668759611635.1926,52674645013.833786
MIL,cesm1-cam5_rcp26_r1i1p1,LUCAS-BAU_High-0002,719672068402.6028,666212632811.6847,53459435590.91874
MIL,cesm1-cam5_rcp45_r1i1p1,FORE-SCE-A1B,372255297734.378,270709039288.6648,101546258445.71318
MIL,cesm1-cam5_rcp45_r1i1p1,FORE-SCE-A2,358720126465.1562,268810770777.28677,89909355687.86957
MIL,cesm1-cam5_rcp45_r1i1p1,FORE-SCE-B1,350685937307.7289,268576205060.45447,82109732247.27448
MIL,cesm1-cam5_rcp45_r1i1p1,GCAM-26,433190555306.0722,274860304468.60733,158330250837.46475
MIL,cesm1-cam5_rcp45_r1i1p1,GCAM-45,396476860406.0183,272323202876.35306,124153657529.66519
MIL,cesm1-cam5_rcp45_r1i1p1,GCAM-ref,372928502059.60254,270344175786.19086,102584326273.4116
MIL,cesm1-cam5_rcp45_r1i1p1,LUCAS-BAU_High-0001,339630549999.91455,267047289621.22458,72583260378.68987
MIL,cesm1-cam5_rcp45_r1i1p1,LUCAS-BAU_High-0002,341534333773.42706,267327465948.5892,74206867824.83795
MIL,cesm1-cam5_rcp60_r1i1p1,FORE-SCE-A1B,663367693320.92,561040949449.8798,102326743871.04025
MIL,cesm1-cam5_rcp60_r1i1p1,FORE-SCE-A2,649627407964.7653,558530097172.185,91097310792.58
MIL,cesm1-cam5_rcp60_r1i1p1,FORE-SCE-B1,641188827014.2994,558156248472.0787,83032578542.22044
MIL,cesm1-cam5_rcp60_r1i1p1,GCAM-26,724990040066.7155,566725760227.6104,158264279839.1056
MIL,cesm1-cam5_rcp60_r1i1p1,GCAM-45,685928712873.2095,561730302240.0797,124198410633.12994
MIL,cesm1-cam5_rcp60_r1i1p1,GCAM-ref,665897622266.2437,563053906210.1475,102843716056.09613
MIL,cesm1-cam5_rcp60_r1i1p1,LUCAS-BAU_High-0001,632633371128.5708,559028067583.0461,73605303545.52464
MIL,cesm1-cam5_rcp60_r1i1p1,LUCAS-BAU_High-0002,634600238755.5187,559395172419.1528,75205066336.36559
MIL,cesm1-cam5_rcp85_r1i1p1,FORE-SCE-A1B,747657094190.4825,637768829677.9355,109888264512.54704
MIL,cesm1-cam5_rcp85_r1i1p1,FORE-SCE-A2,736379940776.0117,637853197522.0315,98526743253.98007
MIL,cesm1-cam5_rcp85_r1i1p1,FORE-SCE-B1,723063000751.6078,633901367585.613,89161633165.99442
MIL,cesm1-cam5_rcp85_r1i1p1,GCAM-26,821587024533.7029,651265402506.1519,170321622027.5515
MIL,cesm1-cam5_rcp85_r1i1p1,GCAM-45,777905457199.743,644257353053.8081,133648104145.9351
MIL,cesm1-cam5_rcp85_r1i1p1,GCAM-ref,750767814854.0507,641035708074.8162,109732106779.23463
MIL,cesm1-cam5_rcp85_r1i1p1,LUCAS-BAU_High-0001,709937546215.7874,631526595334.0088,78410950881.77844
MIL,cesm1-cam5_rcp85_r1i1p1,LUCAS-BAU_High-0002,714779347527.4281,634502642528.4214,80276704999.00679
MIL,cmcc-cm_rcp45_r1i1p1,FORE-SCE-A1B,246767174359.80692,133114965015.42493,113652209344.38182
MIL,cmcc-cm_rcp45_r1i1p1,FORE-SCE-A2,232626403394.66736,131840395186.44412,100786008208.22327
MIL,cmcc-cm_rcp45_r1i1p1,FORE-SCE-B1,222760937076.4585,131135027015.63197,91625910060.82658
MIL,cmcc-cm_rcp45_r1i1p1,GCAM-26,314058551080.73,137025203389.03085,177033347691.6992
MIL,cmcc-cm_rcp45_r1i1p1,GCAM-45,272854849689.8242,134776733312.93332,138078116376.89087
MIL,cmcc-cm_rcp45_r1i1p1,GCAM-ref,247575696316.00836,133519247035.21027,114056449280.7981
MIL,cmcc-cm_rcp45_r1i1p1,LUCAS-BAU_High-0001,209441762771.03436,128976366684.32019,80465396086.71417
MIL,cmcc-cm_rcp45_r1i1p1,LUCAS-BAU_High-0002,213676155136.9342,131036407111.19347,82639748025.74072
MIL,cmcc-cm_rcp85_r1i1p1,FORE-SCE-A1B,208113774675.93793,76911657264.02415,131202117411.91368
MIL,cmcc-cm_rcp85_r1i1p1,FORE-SCE-A2,193685296498.10608,75765398851.9636,117919897646.14243
MIL,cmcc-cm_rcp85_r1i1p1,FORE-SCE-B1,184648300735.34024,77206885562.57649,107441415172.7638
MIL,cmcc-cm_rcp85_r1i1p1,GCAM-26,279474987308.03156,79386715670.01767,200088271638.01392
MIL,cmcc-cm_rcp85_r1i1p1,GCAM-45,238007014583.52008,78745643933.67752,159261370649.84262
MIL,cmcc-cm_rcp85_r1i1p1,GCAM-ref,209852186260.81213,78236404196.38968,131615782064.42244
MIL,cmcc-cm_rcp85_r1i1p1,LUCAS-BAU_High-0001,169144690126.62357,74586169196.70546,94558520929.91812
MIL,cmcc-cm_rcp85_r1i1p1,LUCAS-BAU_High-0002,171193678262.57648,74693705240.442,96499973022.13445
MIL,cnrm-cm5_rcp45_r1i1p1,FORE-SCE-A1B,501655831779.484,420439203699.9162,81216628079.5678
MIL,cnrm-cm5_rcp45_r1i1p1,FORE-SCE-A2,478942628016.99774,409158915605.6895,69783712411.30806
MIL,cnrm-cm5_rcp45_r1i1p1,FORE-SCE-B1,484298933573.36725,419371803535.81274,64927130037.55437
MIL,cnrm-cm5_rcp45_r1i1p1,GCAM-26,546153077639.2901,418099009469.85565,128054068169.43457
MIL,cnrm-cm5_rcp45_r1i1p1,GCAM-45,530705949850.12384,429279324832.07916,101426625018.04478
MIL,cnrm-cm5_rcp45_r1i1p1,GCAM-ref,495236425888.35376,414948404794.7419,80288021093.61182
MIL,cnrm-cm5_rcp45_r1i1p1,LUCAS-BAU_High-0001,458387717988.96234,404265752999.6121,54121964989.350464
MIL,cnrm-cm5_rcp45_r1i1p1,LUCAS-BAU_High-0002,460629300428.04535,405138616109.73914,55490684318.30616
MIL,cnrm-cm5_rcp85_r1i1p1,FORE-SCE-A1B,888490362110.5679,780060175727.4305,108430186383.13766
MIL,cnrm-cm5_rcp85_r1i1p1,FORE-SCE-A2,853024848354.3872,757895349302.2621,95129499052.12541
MIL,cnrm-cm5_rcp85_r1i1p1,FORE-SCE-B1,864652704650.271,777221004676.9824,87431699973.28836
MIL,cnrm-cm5_rcp85_r1i1p1,GCAM-26,956458947498.9781,786249459167.2263,170209488331.75192
MIL,cnrm-cm5_rcp85_r1i1p1,GCAM-45,914995948251.4215,781243250559.466,133752697691.95538
MIL,cnrm-cm5_rcp85_r1i1p1,GCAM-ref,869733566351.3029,761832122757.6621,107901443593.64049
MIL,cnrm-cm5_rcp85_r1i1p1,LUCAS-BAU_High-0001,829929741246.8721,753589875746.8097,76339865500.06226
MIL,cnrm-cm5_rcp85_r1i1p1,LUCAS-BAU_High-0002,848403061160.69,769963358195.9583,78439702964.73138
MIL,csiro-mk3-6-0_rcp26_r1i1p1,FORE-SCE-A1B,358211690209.4917,271115170658.49124,87096519551.00046
MIL,csiro-mk3-6-0_rcp26_r1i1p1,FORE-SCE-A2,354012912586.4468,275567324276.332,78445588310.11494
MIL,csiro-mk3-6-0_rcp26_r1i1p1,FORE-SCE-B1,346012043565.54956,274572740838.54514,71439302727.00453
MIL,csiro-mk3-6-0_rcp26_r1i1p1,GCAM-26,420003780778.8476,278258775492.6995,141745005286.14807
MIL,csiro-mk3-6-0_rcp26_r1i1p1,GCAM-45,382841746900.7362,273538260475.0196,109303486425.71681
MIL,csiro-mk3-6-0_rcp26_r1i1p1,GCAM-ref,359328143738.5281,270919214397.80054,88408929340.72742
MIL,csiro-mk3-6-0_rcp26_r1i1p1,LUCAS-BAU_High-0001,335110602108.569,271678284656.565,63432317452.00401
MIL,csiro-mk3-6-0_rcp26_r1i1p1,LUCAS-BAU_High-0002,338164860232.7197,272699675061.74442,65465185170.97535
MIL,csiro-mk3-6-0_rcp45_r1i1p1,FORE-SCE-A1B,187265055508.71912,71412956500.96233,115852099007.75677
MIL,csiro-mk3-6-0_rcp45_r1i1p1,FORE-SCE-A2,173313392148.03702,70649631132.09148,102663761015.94557
MIL,csiro-mk3-6-0_rcp45_r1i1p1,FORE-SCE-B1,165064421528.71356,71197329466.76895,93867092061.94466
MIL,csiro-mk3-6-0_rcp45_r1i1p1,GCAM-26,253218786410.16132,73939712081.16048,179279074329.00085
MIL,csiro-mk3-6-0_rcp45_r1i1p1,GCAM-45,214650797963.86066,72570873693.30353,142079924270.55722
MIL,csiro-mk3-6-0_rcp45_r1i1p1,GCAM-ref,189943182574.5994,71805883536.58502,118137299038.01437
MIL,csiro-mk3-6-0_rcp45_r1i1p1,LUCAS-BAU_High-0001,154245481973.8731,70815753506.34029,83429728467.5328
MIL,csiro-mk3-6-0_rcp45_r1i1p1,LUCAS-BAU_High-0002,156216723180.94138,70589833632.27235,85626889548.66902
MIL,csiro-mk3-6-0_rcp60_r1i1p1,FORE-SCE-A1B,346624917828.70404,236282948334.27948,110341969494.42441
MIL,csiro-mk3-6-0_rcp60_r1i1p1,FORE-SCE-A2,332707218394.49567,233918451576.41034,98788766818.0852
MIL,csiro-mk3-6-0_rcp60_r1i1p1,FORE-SCE-B1,325291523550.8457,235291407764.77438,90000115786.07121
MIL,csiro-mk3-6-0_rcp60_r1i1p1,GCAM-26,418997728582.03845,246651710550.34814,172346018031.69043
MIL,csiro-mk3-6-0_rcp60_r1i1p1,GCAM-45,378401032470.3678,243040526646.8401,135360505823.52763
MIL,csiro-mk3-6-0_rcp60_r1i1p1,GCAM-ref,349961015855.97406,238741523751.3244,111219492104.64955
MIL,csiro-mk3-6-0_rcp60_r1i1p1,LUCAS-BAU_High-0001,310582241944.54047,231610923680.47684,78971318264.06375
MIL,csiro-mk3-6-0_rcp60_r1i1p1,LUCAS-BAU_High-0002,315031077996.81,233898533876.92203,81132544119.8879
MIL,csiro-mk3-6-0_rcp85_r1i1p1,FORE-SCE-A1B,416455670172.7455,304763054674.675,111692615498.07039
MIL,csiro-mk3-6-0_rcp85_r1i1p1,FORE-SCE-A2,395108149921.62244,296224759827.02985,98883390094.59265
MIL,csiro-mk3-6-0_rcp85_r1i1p1,FORE-SCE-B1,385481998523.58844,295797116248.5597,89684882275.02869
MIL,csiro-mk3-6-0_rcp85_r1i1p1,GCAM-26,487018201806.2863,313892762726.18463,173125439080.1018
MIL,csiro-mk3-6-0_rcp85_r1i1p1,GCAM-45,444628619664.49506,308513240858.79236,136115378805.70274
MIL,csiro-mk3-6-0_rcp85_r1i1p1,GCAM-ref,416744373008.8353,304789284010.30414,111955088998.53134
MIL,csiro-mk3-6-0_rcp85_r1i1p1,LUCAS-BAU_High-0001,378266255884.20984,299437602308.57776,78828653575.63214
MIL,csiro-mk3-6-0_rcp85_r1i1p1,LUCAS-BAU_High-0002,378792980817.1376,298199527380.4912,80593453436.64629
MIL,fgoals-g2_rcp26_r1i1p1,FORE-SCE-A1B,205341479161.46173,129601698743.94502,75739780417.51677
MIL,fgoals-g2_rcp26_r1i1p1,FORE-SCE-A2,194571812759.54196,128718007676.68909,65853805082.85288
MIL,fgoals-g2_rcp26_r1i1p1,FORE-SCE-B1,187466606282.9408,127936050352.9057,59530555930.035095
MIL,fgoals-g2_rcp26_r1i1p1,GCAM-26,258139719844.0806,134810533474.87576,123329186369.2049
MIL,fgoals-g2_rcp26_r1i1p1,GCAM-45,225549041751.88596,131244761911.79204,94304279840.0939
MIL,fgoals-g2_rcp26_r1i1p1,GCAM-ref,205403039703.01263,128918489058.64124,76484550644.37138
MIL,fgoals-g2_rcp26_r1i1p1,LUCAS-BAU_High-0001,178730766430.99304,126679896486.57387,52050869944.41911
MIL,fgoals-g2_rcp26_r1i1p1,LUCAS-BAU_High-0002,180176301405.50388,126792061896.35255,53384239509.15123
NHG,access1-0_rcp45_r1i1p1,FORE-SCE-A1B,1791751818.7125895,1791380481.3896723,371337.32291740977
NHG,access1-0_rcp45_r1i1p1,FORE-SCE-A2,1783751845.8781261,1783484766.0975263,267079.78059963475
NHG,access1-0_rcp45_r1i1p1,FORE-SCE-B1,1776055845.8901174,1775818753.358232,237092.53188487756
NHG,access1-0_rcp45_r1i1p1,GCAM-26,1768321626.1467063,1767235340.645607,1086285.5010993397
NHG,access1-0_rcp45_r1i1p1,GCAM-45,1767026230.8095472,1766433306.5910864,592924.2184606704
NHG,access1-0_rcp45_r1i1p1,GCAM-ref,1774355119.0895743,1773925930.2361684,429188.85340601875
NHG,access1-0_rcp45_r1i1p1,LUCAS-BAU_High-0001,1789873620.039787,1789699805.0258775,173815.01390941304
NHG,access1-0_rcp45_r1i1p1,LUCAS-BAU_High-0002,1789043461.553237,1788859847.119629,183614.43360812575
NHG,access1-0_rcp85_r1i1p1,FORE-SCE-A1B,44603228.41856355,0.0,44603228.41856355
NHG,access1-0_rcp85_r1i1p1,FORE-SCE-A2,36613813.715432376,0.0,36613813.715432376
NHG,access1-0_rcp85_r1i1p1,FORE-SCE-B1,34164587.73137075,0.0,34164587.73137075
NHG,access1-0_rcp85_r1i1p1,GCAM-26,81381043.07523994,0.0,81381043.07523994
NHG,access1-0_rcp85_r1i1p1,GCAM-45,60602583.22578092,0.0,60602583.22578092
NHG,access1-0_rcp85_r1i1p1,GCAM-ref,47845167.977909684,0.0,47845167.977909684
NHG,access1-0_rcp85_r1i1p1,LUCAS-BAU_High-0001,27811452.07560742,0.0,27811452.07560742
NHG,access1-0_rcp85_r1i1p1,LUCAS-BAU_High-0002,28688848.03993146,0.0,28688848.03993146
NHG,bcc-csm1-1-m_rcp45_r1i1p1,FORE-SCE-A1B,2043070967.6244524,2018587980.7088225,24482986.915630367
NHG,bcc-csm1-1-m_rcp45_r1i1p1,FORE-SCE-A2,2045228865.4771461,2024219248.3780723,21009617.099073946
NHG,bcc-csm1-1-m_rcp45_r1i1p1,FORE-SCE-B1,2043644327.1713865,2024556916.5029361,19087410.66845008
NHG,bcc-csm1-1-m_rcp45_r1i1p1,GCAM-26,2051086095.1866667,2006512398.2536662,44573696.933000766
NHG,bcc-csm1-1-m_rcp45_r1i1p1,GCAM-45,2045357267.8274643,2013857511.9148026,31499755.91266156
NHG,bcc-csm1-1-m_rcp45_r1i1p1,GCAM-ref,2042606423.8241267,2017699471.5077615,24906952.31636489
NHG,bcc-csm1-1-m_rcp45_r1i1p1,LUCAS-BAU_High-0001,1721516197.2325375,1705025888.570848,16490308.66169003
NHG,bcc-csm1-1-m_rcp45_r1i1p1,LUCAS-BAU_High-0002,1721096150.3271065,1704184132.8784227,16912017.448683698
NHG,bcc-csm1-1-m_rcp85_r1i1p1,FORE-SCE-A1B,15735225578.796576,15635634072.310848,99591506.48572828
NHG,bcc-csm1-1-m_rcp85_r1i1p1,FORE-SCE-A2,11540037853.268393,11450394964.233013,89642889.03538214
NHG,bcc-csm1-1-m_rcp85_r1i1p1,FORE-SCE-B1,12972491363.478834,12892873519.080887,79617844.39794236
NHG,bcc-csm1-1-m_rcp85_r1i1p1,GCAM-26,15487764498.999353,15314383623.41969,173380875.57966852
NHG,bcc-csm1-1-m_rcp85_r1i1p1,GCAM-45,11899477914.531866,11772706825.650566,126771088.88129981
NHG,bcc-csm1-1-m_rcp85_r1i1p1,GCAM-ref,15516509705.887152,15417740573.828552,98769132.05859509
NHG,bcc-csm1-1-m_rcp85_r1i1p1,LUCAS-BAU_High-0001,14659094626.580324,14593446504.689482,65648121.8908418
NHG,bcc-csm1-1-m_rcp85_r1i1p1,LUCAS-BAU_High-0002,12173878403.987986,12106109387.675285,67769016.31269683
NHG,bcc-csm1-1_rcp26_r1i1p1,FORE-SCE-A1B,2991823427.585506,2935622332.360099,56201095.22540638
NHG,bcc-csm1-1_rcp26_r1i1p1,FORE-SCE-A2,2988487477.196209,2939124291.311527,49363185.8846841
NHG,bcc-csm1-1_rcp26_r1i1p1,FORE-SCE-B1,2905753270.879276,2862102838.435896,43650432.44337974
NHG,bcc-csm1-1_rcp26_r1i1p1,GCAM-26,3067231697.942814,2969775330.190994,97456367.75182045
NHG,bcc-csm1-1_rcp26_r1i1p1,GCAM-45,3290362904.8665566,3218789938.6055956,71572966.26096164
NHG,bcc-csm1-1_rcp26_r1i1p1,GCAM-ref,3020943911.133925,2964653888.7377195,56290022.39620301
NHG,bcc-csm1-1_rcp26_r1i1p1,LUCAS-BAU_High-0001,3345919903.8634143,3308006654.152981,37913249.71043448
NHG,bcc-csm1-1_rcp26_r1i1p1,LUCAS-BAU_High-0002,3359956422.0760345,3321125397.953228,38831024.122807905
NHG,bcc-csm1-1_rcp45_r1i1p1,FORE-SCE-A1B,10429246983.945326,10426388002.094183,2858981.8511408963
NHG,bcc-csm1-1_rcp45_r1i1p1,FORE-SCE-A2,10649722566.922428,10647347354.673481,2375212.2489487007
NHG,bcc-csm1-1_rcp45_r1i1p1,FORE-SCE-B1,10729579162.646212,10727707188.158712,1871974.4875003712
NHG,bcc-csm1-1_rcp45_r1i1p1,GCAM-26,9737796990.512512,9730357876.340668,7439114.171845008
NHG,bcc-csm1-1_rcp45_r1i1p1,GCAM-45,10113705668.822912,10109330817.241793,4374851.581119153
NHG,bcc-csm1-1_rcp45_r1i1p1,GCAM-ref,10284360543.705988,10281646565.510069,2713978.1959197754
NHG,bcc-csm1-1_rcp45_r1i1p1,LUCAS-BAU_High-0001,10747284771.829456,10745744919.084602,1539852.7448565639
NHG,bcc-csm1-1_rcp45_r1i1p1,LUCAS-BAU_High-0002,10736730036.174812,10735136264.20531,1593771.9695010737
NHG,bcc-csm1-1_rcp60_r1i1p1,FORE-SCE-A1B,4370565446.502501,4369053898.418727,1511548.0837738358
NHG,bcc-csm1-1_rcp60_r1i1p1,FORE-SCE-A2,4378396400.591016,4377238886.106575,1157514.4844434557
NHG,bcc-csm1-1_rcp60_r1i1p1,FORE-SCE-B1,4381405862.24164,4380422591.681532,983270.5601110315
NHG,bcc-csm1-1_rcp60_r1i1p1,GCAM-26,4353243043.43737,4348936085.115012,4306958.322362476
NHG,bcc-csm1-1_rcp60_r1i1p1,GCAM-45,4362533312.744394,4360149289.986907,2384022.7574899816
NHG,bcc-csm1-1_rcp60_r1i1p1,GCAM-ref,4366416426.553211,4364767318.3195915,1649108.2336200203
NHG,bcc-csm1-1_rcp60_r1i1p1,LUCAS-BAU_High-0001,4421669328.255955,4420876542.017284,792786.2386726802
NHG,bcc-csm1-1_rcp60_r1i1p1,LUCAS-BAU_High-0002,4409907203.561279,4409068443.23288,838760.3283983537
NHG,bcc-csm1-1_rcp85_r1i1p1,FORE-SCE-A1B,28380211152.857056,28338091871.81262,42119281.04444125
NHG,bcc-csm1-1_rcp85_r1i1p1,FORE-SCE-A2,28577358886.63252,28502615742.547558,74743144.08495894
NHG,bcc-csm1-1_rcp85_r1i1p1,FORE-SCE-B1,28382557621.968304,28348635825.021774,33921796.94653485
NHG,bcc-csm1-1_rcp85_r1i1p1,GCAM-26,28696469726.928593,28571311515.918884,125158211.0096978
NHG,bcc-csm1-1_rcp85_r1i1p1,GCAM-45,28751605931.912212,28657843118.34912,93762813.56308049
NHG,bcc-csm1-1_rcp85_r1i1p1,GCAM-ref,28597282729.77485,28529075473.184208,68207256.59064256
NHG,bcc-csm1-1_rcp85_r1i1p1,LUCAS-BAU_High-0001,28351722174.04177,28320975957.417286,30746216.62449066
NHG,bcc-csm1-1_rcp85_r1i1p1,LUCAS-BAU_High-0002,28391257483.745983,28360454276.98649,30803206.759494837
NHG,canesm2_rcp26_r1i1p1,FORE-SCE-A1B,76756450998.29535,76715656215.81142,40794782.483923994
NHG,canesm2_rcp26_r1i1p1,FORE-SCE-A2,76754349213.80309,76718944211.36769,35405002.43538995
NHG,canesm2_rcp26_r1i1p1,FORE-SCE-B1,76463416930.62764,76402705435.16527,60711495.462386034
NHG,canesm2_rcp26_r1i1p1,GCAM-26,76715720977.77617,76652688930.8216,63032046.95453473
NHG,canesm2_rcp26_r1i1p1,GCAM-45,76773855206.95749,76724414416.00073,49440790.95672597
NHG,canesm2_rcp26_r1i1p1,GCAM-ref,76730801185.43094,76690052636.05461,40748549.37630035
NHG,canesm2_rcp26_r1i1p1,LUCAS-BAU_High-0001,76778905566.42572,76749615588.95428,29289977.47144536
NHG,canesm2_rcp26_r1i1p1,LUCAS-BAU_High-0002,76740668015.8158,76711136871.56137,29531144.254373748
NHG,canesm2_rcp45_r1i1p1,FORE-SCE-A1B,10421033198.815798,10356997150.995392,64036047.82040412
NHG,canesm2_rcp45_r1i1p1,FORE-SCE-A2,10392674566.536022,10334356918.548271,58317647.98775201
NHG,canesm2_rcp45_r1i1p1,FORE-SCE-B1,10214449109.641092,10162662680.214487,51786429.42660973
NHG,canesm2_rcp45_r1i1p1,GCAM-26,10432114716.904661,10330149053.741528,101965663.16313165
NHG,canesm2_rcp45_r1i1p1,GCAM-45,10216080347.571579,10137255057.351177,78825290.22040209
NHG,canesm2_rcp45_r1i1p1,GCAM-ref,10413278203.940834,10350301879.88766,62976324.05317422
NHG,canesm2_rcp45_r1i1p1,LUCAS-BAU_High-0001,10375572394.835476,10328999711.256378,46572683.579097666
NHG,canesm2_rcp45_r1i1p1,LUCAS-BAU_High-0002,10570773136.84122,10523440037.82258,47333099.01864045
NHG,canesm2_rcp85_r1i1p1,FORE-SCE-A1B,236017584255.201,236006729468.36752,10854786.833489787
NHG,canesm2_rcp85_r1i1p1,FORE-SCE-A2,236265428074.4587,236256149883.44385,9278191.014801878
NHG,canesm2_rcp85_r1i1p1,FORE-SCE-B1,236346223670.49042,236338756808.76218,7466861.728180114
NHG,canesm2_rcp85_r1i1p1,GCAM-26,234818093220.54373,234793100377.66214,24992842.881610475
NHG,canesm2_rcp85_r1i1p1,GCAM-45,235477073209.89624,235461382399.07462,15690810.82157396
NHG,canesm2_rcp85_r1i1p1,GCAM-ref,236036416266.39566,236025849957.47302,10566308.922723096
NHG,canesm2_rcp85_r1i1p1,LUCAS-BAU_High-0001,236859957087.0881,236854120615.95642,5836471.131764909
NHG,canesm2_rcp85_r1i1p1,LUCAS-BAU_High-0002,236809681058.5025,236803637032.02014,6044026.482385358
NHG,ccsm4_rcp26_r1i1p1,FORE-SCE-A1B,11521506405.42125,11472975571.400326,48530834.02092117
NHG,ccsm4_rcp26_r1i1p1,FORE-SCE-A2,11513286864.198689,11468868778.159908,44418086.03877988
NHG,ccsm4_rcp26_r1i1p1,FORE-SCE-B1,11446248482.842121,11408420426.155502,37828056.68662348
NHG,ccsm4_rcp26_r1i1p1,GCAM-26,11508322325.734093,11433800342.006807,74521983.72728643
NHG,ccsm4_rcp26_r1i1p1,GCAM-45,11503476326.296227,11444450308.6506,59026017.645627216
NHG,ccsm4_rcp26_r1i1p1,GCAM-ref,11500513435.614544,11452690643.579535,47822792.03500592
NHG,ccsm4_rcp26_r1i1p1,LUCAS-BAU_High-0001,11520550296.440418,11485426665.615038,35123630.825377956
NHG,ccsm4_rcp26_r1i1p1,LUCAS-BAU_High-0002,11505480242.491861,11469682194.384937,35798048.10692258
NHG,ccsm4_rcp45_r1i1p1,FORE-SCE-A1B,27031658643.744198,27010216362.91132,21442280.83285722
NHG,ccsm4_rcp45_r1i1p1,FORE-SCE-A2,27385304123.824738,27365975850.228874,19328273.59585551
NHG,ccsm4_rcp45_r1i1p1,FORE-SCE-B1,26726522774.236694,26709549786.634144,16972987.60254767
NHG,ccsm4_rcp45_r1i1p1,GCAM-26,26944069967.76318,26904463103.51538,39606864.24780338
NHG,ccsm4_rcp45_r1i1p1,GCAM-45,26965120157.64632,26936794370.531464,28325787.114863645
NHG,ccsm4_rcp45_r1i1p1,GCAM-ref,26982693004.671856,26960379690.631615,22313314.040244322
NHG,ccsm4_rcp45_r1i1p1,LUCAS-BAU_High-0001,27559219259.999416,27543783616.28015,15435643.719253778
NHG,ccsm4_rcp45_r1i1p1,LUCAS-BAU_High-0002,27493049057.947643,27477594776.10815,15454281.839505242
NHG,ccsm4_rcp60_r1i1p1,FORE-SCE-A1B,28280493543.62219,28250691995.512077,29801548.110109687
NHG,ccsm4_rcp60_r1i1p1,FORE-SCE-A2,28530439815.814606,28505996032.826637,24443782.987972733
NHG,ccsm4_rcp60_r1i1p1,FORE-SCE-B1,28305202287.198074,28280833921.930885,24368365.2671891
NHG,ccsm4_rcp60_r1i1p1,GCAM-26,28328364022.29162,28281075610.39068,47288411.900934
NHG,ccsm4_rcp60_r1i1p1,GCAM-45,28284035518.12703,28247436159.75499,36599358.37203946
NHG,ccsm4_rcp60_r1i1p1,GCAM-ref,28416879007.493526,28386677545.40396,30201462.089560974
NHG,ccsm4_rcp60_r1i1p1,LUCAS-BAU_High-0001,28303314972.715584,28280488518.754887,22826453.96069523
NHG,ccsm4_rcp60_r1i1p1,LUCAS-BAU_High-0002,28293939033.774124,28270911093.92503,23027939.84909659
NHG,ccsm4_rcp85_r1i1p1,FORE-SCE-A1B,24041060425.220657,23932797947.30776,108262477.91289753
NHG,ccsm4_rcp85_r1i1p1,FORE-SCE-A2,24045085753.09737,23947649122.17687,97436630.92050698
NHG,ccsm4_rcp85_r1i1p1,FORE-SCE-B1,23530859358.900394,23472593394.045513,58265964.85488781
NHG,ccsm4_rcp85_r1i1p1,GCAM-26,24042907974.218323,23875630641.193085,167277333.0252379
NHG,ccsm4_rcp85_r1i1p1,GCAM-45,24043875896.363144,23962933716.081028,80942180.28211604
NHG,ccsm4_rcp85_r1i1p1,GCAM-ref,24228102293.065765,24160890147.653393,67212145.41237123
NHG,ccsm4_rcp85_r1i1p1,LUCAS-BAU_High-0001,24012779477.42634,23919368988.5821,93410488.84423639
NHG,ccsm4_rcp85_r1i1p1,LUCAS-BAU_High-0002,24014367045.905678,23919141184.44793,95225861.45774941
NHG,cesm1-bgc_rcp45_r1i1p1,FORE-SCE-A1B,26881583933.310844,26830526069.753033,51057863.55781171
NHG,cesm1-bgc_rcp45_r1i1p1,FORE-SCE-A2,26903401347.494427,26856562740.6296,46838606.86482795
NHG,cesm1-bgc_rcp45_r1i1p1,FORE-SCE-B1,26751337608.54812,26706092965.570564,45244642.977561556
NHG,cesm1-bgc_rcp45_r1i1p1,GCAM-26,26883615986.226707,26796061380.313137,87554605.91356969
NHG,cesm1-bgc_rcp45_r1i1p1,GCAM-45,26732884011.352165,26662297723.2621,70586288.09006527
NHG,cesm1-bgc_rcp45_r1i1p1,GCAM-ref,26843913207.80882,26792597022.264626,51316185.54419504
NHG,cesm1-bgc_rcp45_r1i1p1,LUCAS-BAU_High-0001,26833215783.491295,26796020057.64219,37195725.84910356
NHG,cesm1-bgc_rcp45_r1i1p1,LUCAS-BAU_High-0002,26746621218.05137,26704814996.12562,41806221.92574308
NHG,cesm1-bgc_rcp85_r1i1p1,FORE-SCE-A1B,22160502916.770218,22125298164.954563,35204751.81566098
NHG,cesm1-bgc_rcp85_r1i1p1,FORE-SCE-A2,22164087148.8444,22135292562.651794,28794586.19260242
NHG,cesm1-bgc_rcp85_r1i1p1,FORE-SCE-B1,22128217745.51053,22100595844.539104,27621900.97142436
NHG,cesm1-bgc_rcp85_r1i1p1,GCAM-26,22101292773.674545,22043918633.1371,57374140.53744681
NHG,cesm1-bgc_rcp85_r1i1p1,GCAM-45,22139113373.179993,22096186325.73874,42927047.44124832
NHG,cesm1-bgc_rcp85_r1i1p1,GCAM-ref,22158795502.20397,22121987342.87595,36808159.32802217
NHG,cesm1-bgc_rcp85_r1i1p1,LUCAS-BAU_High-0001,22149440132.284542,22124633780.479843,24806351.80470149
NHG,cesm1-bgc_rcp85_r1i1p1,LUCAS-BAU_High-0002,22041949868.825768,22016135566.02926,25814302.79651025
NHG,cesm1-cam5_rcp26_r1i1p1,FORE-SCE-A1B,10611876918.806814,10585621105.895824,26255812.910993762
NHG,cesm1-cam5_rcp26_r1i1p1,FORE-SCE-A2,10556425287.48471,10533013804.243374,23411483.24133883
NHG,cesm1-cam5_rcp26_r1i1p1,FORE-SCE-B1,10698931901.229412,10677725301.55339,21206599.676025905
NHG,cesm1-cam5_rcp26_r1i1p1,GCAM-26,10682704456.075651,10640800939.005278,41903517.07037227
NHG,cesm1-cam5_rcp26_r1i1p1,GCAM-45,10689329250.874304,10657225672.107632,32103578.766675033
NHG,cesm1-cam5_rcp26_r1i1p1,GCAM-ref,10743679953.624733,10717742443.939514,25937509.685220808
NHG,cesm1-cam5_rcp26_r1i1p1,LUCAS-BAU_High-0001,10687305595.393126,10668154013.007618,19151582.385509904
NHG,cesm1-cam5_rcp26_r1i1p1,LUCAS-BAU_High-0002,10564335892.554913,10544809814.373579,19526078.181332752
NHG,cesm1-cam5_rcp45_r1i1p1,FORE-SCE-A1B,4267764738.941487,4183274648.1887655,84490090.75272119
NHG,cesm1-cam5_rcp45_r1i1p1,FORE-SCE-A2,4056215284.712453,3993165829.6585317,63049455.05392281
NHG,cesm1-cam5_rcp45_r1i1p1,FORE-SCE-B1,3995748658.573021,3950635251.920011,45113406.65300911
NHG,cesm1-cam5_rcp45_r1i1p1,GCAM-26,4149672143.6509166,4039380319.0030394,110291824.64787792
NHG,cesm1-cam5_rcp45_r1i1p1,GCAM-45,4254705825.581178,4193094755.579175,61611070.00200357
NHG,cesm1-cam5_rcp45_r1i1p1,GCAM-ref,4234402788.757457,4165251743.319071,69151045.43838678
NHG,cesm1-cam5_rcp45_r1i1p1,LUCAS-BAU_High-0001,4020769931.782343,3970666199.801596,50103731.98074684
NHG,cesm1-cam5_rcp45_r1i1p1,LUCAS-BAU_High-0002,4085046222.3978763,4030680357.7163515,54365864.681525975
NHG,cesm1-cam5_rcp60_r1i1p1,FORE-SCE-A1B,7404260085.3732,7351227164.517701,53032920.85550128
NHG,cesm1-cam5_rcp60_r1i1p1,FORE-SCE-A2,7290484244.140806,7226360365.701686,64123878.43912161
NHG,cesm1-cam5_rcp60_r1i1p1,FORE-SCE-B1,7402373633.792359,7359338552.432434,43035081.359928094
NHG,cesm1-cam5_rcp60_r1i1p1,GCAM-26,7311768476.380597,7200834722.503897,110933753.87669988
NHG,cesm1-cam5_rcp60_r1i1p1,GCAM-45,7300174737.78286,7211878153.443578,88296584.33928354
NHG,cesm1-cam5_rcp60_r1i1p1,GCAM-ref,7181626229.0253725,7125428121.0193405,56198108.00603438
NHG,cesm1-cam5_rcp60_r1i1p1,LUCAS-BAU_High-0001,7402652081.586499,7363466244.3557,39185837.23080247
NHG,cesm1-cam5_rcp60_r1i1p1,LUCAS-BAU_High-0002,7274436963.069518,7234236381.921553,40200581.14796634
NHG,cesm1-cam5_rcp85_r1i1p1,FORE-SCE-A1B,44184006081.49926,44121151001.08239,62855080.41688009
NHG,cesm1-cam5_rcp85_r1i1p1,FORE-SCE-A2,44003570745.809235,43948441264.16179,55129481.647452176
NHG,cesm1-cam5_rcp85_r1i1p1,FORE-SCE-B1,44029000810.99054,43978714478.39516,50286332.59538464
NHG,cesm1-cam5_rcp85_r1i1p1,GCAM-26,44096941361.15338,43998915923.27629,98025437.87708047
NHG,cesm1-cam5_rcp85_r1i1p1,GCAM-45,44128704643.38814,44060571005.06819,68133638.31995247
NHG,cesm1-cam5_rcp85_r1i1p1,GCAM-ref,44182121107.66387,44124704801.962234,57416305.70163442
NHG,cesm1-cam5_rcp85_r1i1p1,LUCAS-BAU_High-0001,43849478128.834595,43806200828.317635,43277300.516976506
NHG,cesm1-cam5_rcp85_r1i1p1,LUCAS-BAU_High-0002,44272800755.06385,44232747436.84047,40053318.22337723
NHG,cmcc-cm_rcp45_r1i1p1,FORE-SCE-A1B,6083808404.306625,6081747971.921683,2060432.3849413001
NHG,cmcc-cm_rcp45_r1i1p1,FORE-SCE-A2,6090838717.8915415,6089183975.435201,1654742.4563403286
NHG,cmcc-cm_rcp45_r1i1p1,FORE-SCE-B1,6101235277.430279,6099891841.066617,1343436.363661012
NHG,cmcc-cm_rcp45_r1i1p1,GCAM-26,6035020854.04074,6029608686.690185,5412167.35055615
NHG,cmcc-cm_rcp45_r1i1p1,GCAM-45,6067372378.065723,6064293744.58264,3078633.483083757
NHG,cmcc-cm_rcp45_r1i1p1,GCAM-ref,6079891283.977995,6077854964.457781,2036319.5202137248
NHG,cmcc-cm_rcp45_r1i1p1,LUCAS-BAU_High-0001,6087391268.910191,6086272315.105211,1118953.8049805677
NHG,cmcc-cm_rcp45_r1i1p1,LUCAS-BAU_High-0002,6086474044.164941,6085318037.538081,1156006.6268581047
NHG,cmcc-cm_rcp85_r1i1p1,FORE-SCE-A1B,109581386.41732514,0.0,109581386.41732514
NHG,cmcc-cm_rcp85_r1i1p1,FORE-SCE-A2,100762097.44739285,0.0,100762097.44739285
NHG,cmcc-cm_rcp85_r1i1p1,FORE-SCE-B1,89708300.42105697,0.0,89708300.42105697
NHG,cmcc-cm_rcp85_r1i1p1,GCAM-26,171511054.52522546,0.0,171511054.52522546
NHG,cmcc-cm_rcp85_r1i1p1,GCAM-45,133279727.7951076,0.0,133279727.7951076
NHG,cmcc-cm_rcp85_r1i1p1,GCAM-ref,107738512.99661495,0.0,107738512.99661495
NHG,cmcc-cm_rcp85_r1i1p1,LUCAS-BAU_High-0001,78103714.5138529,0.0,78103714.5138529
NHG,cmcc-cm_rcp85_r1i1p1,LUCAS-BAU_High-0002,79635816.70233771,0.0,79635816.70233771
NHG,cnrm-cm5_rcp45_r1i1p1,FORE-SCE-A1B,42949536958.06262,42938381229.42128,11155728.641351955
NHG,cnrm-cm5_rcp45_r1i1p1,FORE-SCE-A2,43065156072.737816,43055554401.98527,9601670.752543394
NHG,cnrm-cm5_rcp45_r1i1p1,FORE-SCE-B1,42969726108.29638,42961113113.22001,8612995.076365499
NHG,cnrm-cm5_rcp45_r1i1p1,GCAM-26,42909430548.769135,42889680034.70516,19750514.06395543
NHG,cnrm-cm5_rcp45_r1i1p1,GCAM-45,42245486086.164696,42228338927.98675,17147158.177965067
NHG,cnrm-cm5_rcp45_r1i1p1,GCAM-ref,42971370771.92273,42959714529.25093,11656242.671797194
NHG,cnrm-cm5_rcp45_r1i1p1,LUCAS-BAU_High-0001,42978042985.09818,42970214527.75168,7828457.346512273
NHG,cnrm-cm5_rcp45_r1i1p1,LUCAS-BAU_High-0002,43104569171.50397,43096744913.775375,7824257.728580405
NHG,cnrm-cm5_rcp85_r1i1p1,FORE-SCE-A1B,83577141050.47214,83553909378.42145,23231672.050700556
NHG,cnrm-cm5_rcp85_r1i1p1,FORE-SCE-A2,83187563226.9285,83168097557.93158,19465668.99695849
NHG,cnrm-cm5_rcp85_r1i1p1,FORE-SCE-B1,82689182871.64244,82670579525.12746,18603346.514997534
NHG,cnrm-cm5_rcp85_r1i1p1,GCAM-26,84159620447.16837,84120970037.78947,38650409.37889998
NHG,cnrm-cm5_rcp85_r1i1p1,GCAM-45,84400128752.88873,84372174367.74808,27954385.140636027
NHG,cnrm-cm5_rcp85_r1i1p1,GCAM-ref,83471837579.99867,83448718882.64893,23118697.349785198
NHG,cnrm-cm5_rcp85_r1i1p1,LUCAS-BAU_High-0001,83344421569.2073,83329127298.72232,15294270.48498492
NHG,cnrm-cm5_rcp85_r1i1p1,LUCAS-BAU_High-0002,83826744745.95134,83811402076.70993,15342669.241399562
NHG,csiro-mk3-6-0_rcp26_r1i1p1,FORE-SCE-A1B,18305304141.82558,18256699696.08857,48604445.73701055
NHG,csiro-mk3-6-0_rcp26_r1i1p1,FORE-SCE-A2,16960713954.933855,16917558878.169977,43155076.76388167
NHG,csiro-mk3-6-0_rcp26_r1i1p1,FORE-SCE-B1,17647593919.670708,17607928839.261723,39665080.408988304
NHG,csiro-mk3-6-0_rcp26_r1i1p1,GCAM-26,16979911061.783243,16902941626.898642,76969434.88459747
NHG,csiro-mk3-6-0_rcp26_r1i1p1,GCAM-45,17007480055.053667,16947673847.238605,59806207.81506533
NHG,csiro-mk3-6-0_rcp26_r1i1p1,GCAM-ref,17037438337.103313,16988679442.455843,48758894.64747127
NHG,csiro-mk3-6-0_rcp26_r1i1p1,LUCAS-BAU_High-0001,18294449624.197025,18259708219.391617,34741404.80541396
NHG,csiro-mk3-6-0_rcp26_r1i1p1,LUCAS-BAU_High-0002,18293523976.585133,18257972590.640823,35551385.94431007
NHG,csiro-mk3-6-0_rcp45_r1i1p1,FORE-SCE-A1B,5186719613.47776,5173868632.59956,12850980.878201276
NHG,csiro-mk3-6-0_rcp45_r1i1p1,FORE-SCE-A2,5216819051.371524,5205379372.211523,11439679.160000985
NHG,csiro-mk3-6-0_rcp45_r1i1p1,FORE-SCE-B1,5192833258.41791,5183126539.508629,9706718.909281502
NHG,csiro-mk3-6-0_rcp45_r1i1p1,GCAM-26,5183637409.764039,5160858604.866455,22778804.8975846
NHG,csiro-mk3-6-0_rcp45_r1i1p1,GCAM-45,5199631854.334824,5183375251.302187,16256603.032637408
NHG,csiro-mk3-6-0_rcp45_r1i1p1,GCAM-ref,5202939555.936535,5190771268.456797,12168287.479739472
NHG,csiro-mk3-6-0_rcp45_r1i1p1,LUCAS-BAU_High-0001,5195735872.789085,5187479109.914587,8256762.87449793
NHG,csiro-mk3-6-0_rcp45_r1i1p1,LUCAS-BAU_High-0002,5195341879.115673,5186869697.691953,8472181.423718529
NHG,csiro-mk3-6-0_rcp60_r1i1p1,FORE-SCE-A1B,10728904322.715576,10720765234.705513,8139088.010071203
NHG,csiro-mk3-6-0_rcp60_r1i1p1,FORE-SCE-A2,11012517642.372541,11006027003.217325,6490639.155219348
NHG,csiro-mk3-6-0_rcp60_r1i1p1,FORE-SCE-B1,10286120204.40016,10279402758.393349,6717446.006815607
NHG,csiro-mk3-6-0_rcp60_r1i1p1,GCAM-26,10659219313.163458,10643103524.368084,16115788.795374919
NHG,csiro-mk3-6-0_rcp60_r1i1p1,GCAM-45,10666613209.21924,10655555456.229416,11057752.989819821
NHG,csiro-mk3-6-0_rcp60_r1i1p1,GCAM-ref,10672975229.028929,10664575253.070776,8399975.958153646
NHG,csiro-mk3-6-0_rcp60_r1i1p1,LUCAS-BAU_High-0001,10521340152.005568,10515730618.175959,5609533.829604786
NHG,csiro-mk3-6-0_rcp60_r1i1p1,LUCAS-BAU_High-0002,10520539249.327066,10514766042.912395,5773206.414674372
NHG,csiro-mk3-6-0_rcp85_r1i1p1,FORE-SCE-A1B,44012544549.30328,44001348557.366005,11195991.93728367
NHG,csiro-mk3-6-0_rcp85_r1i1p1,FORE-SCE-A2,44030439183.645294,44020680953.866684,9758229.778618177
NHG,csiro-mk3-6-0_rcp85_r1i1p1,FORE-SCE-B1,42871527737.824265,42862679169.57161,8848568.252648367
NHG,csiro-mk3-6-0_rcp85_r1i1p1,GCAM-26,43074447319.5207,43053530172.571266,20917146.94941144
NHG,csiro-mk3-6-0_rcp85_r1i1p1,GCAM-45,43038047740.78327,43023162214.99412,14885525.789144665
NHG,csiro-mk3-6-0_rcp85_r1i1p1,GCAM-ref,43082463777.89186,43070823824.413086,11639953.478755947
NHG,csiro-mk3-6-0_rcp85_r1i1p1,LUCAS-BAU_High-0001,43671607008.24924,43664062447.08307,7544561.166169159
NHG,csiro-mk3-6-0_rcp85_r1i1p1,LUCAS-BAU_High-0002,43006166549.04563,42998490154.45053,7676394.595102803
NHG,fgoals-g2_rcp26_r1i1p1,FORE-SCE-A1B,21305386.35317062,0.0,21305386.35317062
NHG,fgoals-g2_rcp26_r1i1p1,FORE-SCE-A2,17898199.776904505,0.0,17898199.776904505
NHG,fgoals-g2_rcp26_r1i1p1,FORE-SCE-B1,121028026.52325484,104908854.15257162,16119172.370683186
NHG,fgoals-g2_rcp26_r1i1p1,GCAM-26,37293854.05475635,0.0,37293854.05475635
NHG,fgoals-g2_rcp26_r1i1p1,GCAM-45,27195729.038267184,0.0,27195729.038267184
NHG,fgoals-g2_rcp26_r1i1p1,GCAM-ref,21719839.31603701,0.0,21719839.31603701
NHG,fgoals-g2_rcp26_r1i1p1,LUCAS-BAU_High-0001,13978867.989472155,0.0,13978867.989472155
NHG,fgoals-g2_rcp26_r1i1p1,LUCAS-BAU_High-0002,14448557.28023197,0.0,14448557.28023197
NML,access1-0_rcp45_r1i1p1,FORE-SCE-A1B,8599965691.866154,0.0,8599965691.866154
NML,access1-0_rcp45_r1i1p1,FORE-SCE-A2,7033895814.85229,14485454.24033755,7019410360.611953
NML,access1-0_rcp45_r1i1p1,FORE-SCE-B1,5547587770.453418,4603583.437523866,5542984187.015894
NML,access1-0_rcp45_r1i1p1,GCAM-26,19749953037.59412,0.0,19749953037.59412
NML,access1-0_rcp45_r1i1p1,GCAM-45,12550823557.00157,0.0,12550823557.00157
NML,access1-0_rcp45_r1i1p1,GCAM-ref,8298068441.036931,0.0,8298068441.036931
NML,access1-0_rcp45_r1i1p1,LUCAS-BAU_High-0001,4166927894.1174765,27361742.08213979,4139566152.035337
NML,access1-0_rcp45_r1i1p1,LUCAS-BAU_High-0002,4550897301.73428,261266686.20625043,4289630615.52803
NML,access1-0_rcp85_r1i1p1,FORE-SCE-A1B,14149220701.04443,441901042.1237104,13707319658.92072
NML,access1-0_rcp85_r1i1p1,FORE-SCE-A2,11171427503.805555,268234185.65456176,10903193318.150995
NML,access1-0_rcp85_r1i1p1,FORE-SCE-B1,9392510401.225225,407043022.593407,8985467378.631819
NML,access1-0_rcp85_r1i1p1,GCAM-26,30897498221.243885,130454029.59277472,30767044191.651108
NML,access1-0_rcp85_r1i1p1,GCAM-45,20354394000.056984,280121133.0762128,20074272866.980774
NML,access1-0_rcp85_r1i1p1,GCAM-ref,14002091139.289206,223036646.35149044,13779054492.937716
NML,access1-0_rcp85_r1i1p1,LUCAS-BAU_High-0001,6877389678.54374,313025880.50140125,6564363798.042338
NML,access1-0_rcp85_r1i1p1,LUCAS-BAU_High-0002,7238764089.955078,313877952.44436777,6924886137.51071
NML,bcc-csm1-1-m_rcp45_r1i1p1,FORE-SCE-A1B,8474948571.340393,0.0,8474948571.340393
NML,bcc-csm1-1-m_rcp45_r1i1p1,FORE-SCE-A2,6774101575.974404,0.0,6774101575.974404
NML,bcc-csm1-1-m_rcp45_r1i1p1,FORE-SCE-B1,5328795805.290755,0.0,5328795805.290755
NML,bcc-csm1-1-m_rcp45_r1i1p1,GCAM-26,20715834389.72936,0.0,20715834389.72936
NML,bcc-csm1-1-m_rcp45_r1i1p1,GCAM-45,12720541436.102869,0.0,12720541436.102869
NML,bcc-csm1-1-m_rcp45_r1i1p1,GCAM-ref,8331236128.750055,0.0,8331236128.750055
NML,bcc-csm1-1-m_rcp45_r1i1p1,LUCAS-BAU_High-0001,3795560634.47508,15970597.230419662,3779590037.24466
NML,bcc-csm1-1-m_rcp45_r1i1p1,LUCAS-BAU_High-0002,3962036375.3912377,0.0,3962036375.3912377
NML,bcc-csm1-1-m_rcp85_r1i1p1,FORE-SCE-A1B,22264726831.07836,15760196530.083588,6504530300.994771
NML,bcc-csm1-1-m_rcp85_r1i1p1,FORE-SCE-A2,23778937244.291027,18389786194.304405,5389151049.986603
NML,bcc-csm1-1-m_rcp85_r1i1p1,FORE-SCE-B1,21387054589.570663,17267463288.39227,4119591301.178403
NML,bcc-csm1-1-m_rcp85_r1i1p1,GCAM-26,27951827293.843067,11645680213.672798,16306147080.170265
NML,bcc-csm1-1-m_rcp85_r1i1p1,GCAM-45,22766302498.54175,13022996046.958427,9743306451.58333
NML,bcc-csm1-1-m_rcp85_r1i1p1,GCAM-ref,21324304438.23153,15024843990.42054,6299460447.810981
NML,bcc-csm1-1-m_rcp85_r1i1p1,LUCAS-BAU_High-0001,20780619603.513035,17859212663.624268,2921406939.8887763
NML,bcc-csm1-1-m_rcp85_r1i1p1,LUCAS-BAU_High-0002,20903301060.265335,17851797221.819725,3051503838.4455953
NML,bcc-csm1-1_rcp26_r1i1p1,FORE-SCE-A1B,18190661368.409027,704945755.1151426,17485715613.293884
NML,bcc-csm1-1_rcp26_r1i1p1,FORE-SCE-A2,15662873544.555225,1628989202.1699393,14033884342.385284
NML,bcc-csm1-1_rcp26_r1i1p1,FORE-SCE-B1,13647368883.423012,1886031877.831669,11761337005.591343
NML,bcc-csm1-1_rcp26_r1i1p1,GCAM-26,36071917309.67989,14391063.063360434,36057526246.61653
NML,bcc-csm1-1_rcp26_r1i1p1,GCAM-45,24927402424.152798,196870680.20650023,24730531743.9463
NML,bcc-csm1-1_rcp26_r1i1p1,GCAM-ref,18168682231.22513,540634755.4583923,17628047475.76673
NML,bcc-csm1-1_rcp26_r1i1p1,LUCAS-BAU_High-0001,11053004635.768356,1767894498.5368905,9285110137.231468
NML,bcc-csm1-1_rcp26_r1i1p1,LUCAS-BAU_High-0002,11499950724.4363,1765872845.999689,9734077878.436607
NML,bcc-csm1-1_rcp45_r1i1p1,FORE-SCE-A1B,13068406315.933407,1823301100.3627203,11245105215.570686
NML,bcc-csm1-1_rcp45_r1i1p1,FORE-SCE-A2,12013656603.074457,2942375207.8636746,9071281395.210787
NML,bcc-csm1-1_rcp45_r1i1p1,FORE-SCE-B1,11829397027.744263,4554734216.948993,7274662810.795266
NML,bcc-csm1-1_rcp45_r1i1p1,GCAM-26,25714678731.471077,0.0,25714678731.471077
NML,bcc-csm1-1_rcp45_r1i1p1,GCAM-45,16465302803.924744,0.0,16465302803.924744
NML,bcc-csm1-1_rcp45_r1i1p1,GCAM-ref,11264732943.582106,117425577.95382027,11147307365.628284
NML,bcc-csm1-1_rcp45_r1i1p1,LUCAS-BAU_High-0001,9860837335.313776,4370803768.438029,5490033566.875743
NML,bcc-csm1-1_rcp45_r1i1p1,LUCAS-BAU_High-0002,9801090150.558516,4035837742.756687,5765252407.801831
NML,bcc-csm1-1_rcp60_r1i1p1,FORE-SCE-A1B,9724169869.065777,1031746386.6682566,8692423482.39752
NML,bcc-csm1-1_rcp60_r1i1p1,FORE-SCE-A2,8451605950.362381,1987550833.0325613,6464055117.329823
NML,bcc-csm1-1_rcp60_r1i1p1,FORE-SCE-B1,6283643919.421803,811676485.3936586,5471967434.028145
NML,bcc-csm1-1_rcp60_r1i1p1,GCAM-26,21010776865.10782,243234164.10819894,20767542700.99962
NML,bcc-csm1-1_rcp60_r1i1p1,GCAM-45,14927331987.10755,1906102572.2247574,13021229414.882792
NML,bcc-csm1-1_rcp60_r1i1p1,GCAM-ref,13710462568.961334,4682479124.034572,9027983444.926764
NML,bcc-csm1-1_rcp60_r1i1p1,LUCAS-BAU_High-0001,4748875695.454345,424956784.54264045,4323918910.911708
NML,bcc-csm1-1_rcp60_r1i1p1,LUCAS-BAU_High-0002,4934907066.299951,401388238.03009963,4533518828.269851
NML,bcc-csm1-1_rcp85_r1i1p1,FORE-SCE-A1B,51297656304.23712,40585588156.65599,10712068147.581135
NML,bcc-csm1-1_rcp85_r1i1p1,FORE-SCE-A2,52402328601.72713,43259669109.42053,9142659492.306587
NML,bcc-csm1-1_rcp85_r1i1p1,FORE-SCE-B1,51444358080.95982,44408502190.75646,7035855890.203354
NML,bcc-csm1-1_rcp85_r1i1p1,GCAM-26,42945641429.96521,19524270256.579403,23421371173.385803
NML,bcc-csm1-1_rcp85_r1i1p1,GCAM-45,44038538526.342186,28695049513.006073,15343489013.336119
NML,bcc-csm1-1_rcp85_r1i1p1,GCAM-ref,43488791229.574875,33772018563.335663,9716772666.23922
NML,bcc-csm1-1_rcp85_r1i1p1,LUCAS-BAU_High-0001,53437067035.29717,48367580722.65633,5069486312.640849
NML,bcc-csm1-1_rcp85_r1i1p1,LUCAS-BAU_High-0002,52990544085.36583,47689628962.95378,5300915122.412042
NML,canesm2_rcp26_r1i1p1,FORE-SCE-A1B,156209473373.34225,149162666497.06638,7046806876.275926
NML,canesm2_rcp26_r1i1p1,FORE-SCE-A2,164000546807.6086,158529862360.27225,5470684447.336327
NML,canesm2_rcp26_r1i1p1,FORE-SCE-B1,165851900937.78003,161382673053.6903,4469227884.089747
NML,canesm2_rcp26_r1i1p1,GCAM-26,152671950008.66434,135592258192.08987,17079691816.574444
NML,canesm2_rcp26_r1i1p1,GCAM-45,151259094819.1995,140741991324.5496,10517103494.64992
NML,canesm2_rcp26_r1i1p1,GCAM-ref,151988573922.81512,144984206262.24695,7004367660.568176
NML,canesm2_rcp26_r1i1p1,LUCAS-BAU_High-0001,168549547707.62503,165371491269.12402,3178056438.5010786
NML,canesm2_rcp26_r1i1p1,LUCAS-BAU_High-0002,164097835281.90698,160749516828.7105,3348318453.196434
NML,canesm2_rcp45_r1i1p1,FORE-SCE-A1B,5285523665.866333,0.0,5285523665.866333
NML,canesm2_rcp45_r1i1p1,FORE-SCE-A2,4118290124.299739,15507206.572343512,4102782917.727396
NML,canesm2_rcp45_r1i1p1,FORE-SCE-B1,3427146222.707528,44305117.25449059,3382841105.4530373
NML,canesm2_rcp45_r1i1p1,GCAM-26,12899029863.515247,0.0,12899029863.515247
NML,canesm2_rcp45_r1i1p1,GCAM-45,7994209907.051859,0.0,7994209907.051859
NML,canesm2_rcp45_r1i1p1,GCAM-ref,5190884454.444784,0.0,5190884454.444784
NML,canesm2_rcp45_r1i1p1,LUCAS-BAU_High-0001,2619564632.3259034,0.0,2619564632.3259034
NML,canesm2_rcp45_r1i1p1,LUCAS-BAU_High-0002,2733339357.3426404,25628934.885017768,2707710422.4576225
NML,canesm2_rcp85_r1i1p1,FORE-SCE-A1B,234385520471.5604,227425533203.84344,6959987267.716935
NML,canesm2_rcp85_r1i1p1,FORE-SCE-A2,245069933611.62424,239365279682.66022,5704653928.96395
NML,canesm2_rcp85_r1i1p1,FORE-SCE-B1,261615567999.50916,256964614376.42697,4650953623.082199
NML,canesm2_rcp85_r1i1p1,GCAM-26,202423890984.60214,187268350259.41873,15155540725.183376
NML,canesm2_rcp85_r1i1p1,GCAM-45,222372644591.81372,212165240249.67462,10207404342.13911
NML,canesm2_rcp85_r1i1p1,GCAM-ref,238304208076.11462,231145172625.40314,7159035450.711458
NML,canesm2_rcp85_r1i1p1,LUCAS-BAU_High-0001,270299780531.7053,266479028949.08542,3820751582.6198864
NML,canesm2_rcp85_r1i1p1,LUCAS-BAU_High-0002,257174907849.16885,253245854707.74963,3929053141.4192405
NML,ccsm4_rcp26_r1i1p1,FORE-SCE-A1B,18044482046.785282,10952385241.084898,7092096805.700376
NML,ccsm4_rcp26_r1i1p1,FORE-SCE-A2,19378412818.440647,13431038112.22247,5947374706.21818
NML,ccsm4_rcp26_r1i1p1,FORE-SCE-B1,19720367066.589645,15094812076.2295,4625554990.360149
NML,ccsm4_rcp26_r1i1p1,GCAM-26,25018043305.028164,8488164242.0187435,16529879063.00942
NML,ccsm4_rcp26_r1i1p1,GCAM-45,19894914635.35619,9438068864.092083,10456845771.264107
NML,ccsm4_rcp26_r1i1p1,GCAM-ref,16037565512.89407,9259784878.023571,6777780634.8705015
NML,ccsm4_rcp26_r1i1p1,LUCAS-BAU_High-0001,18440464485.661125,15072439041.806492,3368025443.8546305
NML,ccsm4_rcp26_r1i1p1,LUCAS-BAU_High-0002,18100174190.701687,14550020734.57806,3550153456.1236224
NML,ccsm4_rcp45_r1i1p1,FORE-SCE-A1B,18041542463.586884,10383682363.125648,7657860100.461232
NML,ccsm4_rcp45_r1i1p1,FORE-SCE-A2,18221545948.799614,12284771434.009138,5936774514.790482
NML,ccsm4_rcp45_r1i1p1,FORE-SCE-B1,19537513985.42375,14628517734.040812,4908996251.382945
NML,ccsm4_rcp45_r1i1p1,GCAM-26,21948739486.905087,4168319139.027857,17780420347.877224
NML,ccsm4_rcp45_r1i1p1,GCAM-45,18798472299.139145,7440369987.274284,11358102311.86486
NML,ccsm4_rcp45_r1i1p1,GCAM-ref,18750319565.803913,10671601509.345589,8078718056.458326
NML,ccsm4_rcp45_r1i1p1,LUCAS-BAU_High-0001,24768332238.681915,20839581271.942177,3928750966.739737
NML,ccsm4_rcp45_r1i1p1,LUCAS-BAU_High-0002,24129836178.500877,20030189241.044113,4099646937.4567633
NML,ccsm4_rcp60_r1i1p1,FORE-SCE-A1B,7934986947.756159,3859227221.983608,4075759725.77255
NML,ccsm4_rcp60_r1i1p1,FORE-SCE-A2,6214986613.602537,3469132842.9588723,2745853770.6436653
NML,ccsm4_rcp60_r1i1p1,FORE-SCE-B1,5866376260.7028,3594310158.6032133,2272066102.0995836
NML,ccsm4_rcp60_r1i1p1,GCAM-26,14680857562.83203,3190001134.4348536,11490856428.397173
NML,ccsm4_rcp60_r1i1p1,GCAM-45,9765341159.85488,3131232770.4869657,6634108389.367911
NML,ccsm4_rcp60_r1i1p1,GCAM-ref,7717600529.260126,3124621807.4648094,4592978721.795317
NML,ccsm4_rcp60_r1i1p1,LUCAS-BAU_High-0001,7084575463.352356,5330413959.692092,1754161503.660264
NML,ccsm4_rcp60_r1i1p1,LUCAS-BAU_High-0002,6830862693.612612,4944072013.164794,1886790680.4478168
NML,ccsm4_rcp85_r1i1p1,FORE-SCE-A1B,45804714066.466805,37524787769.75738,8279926296.709437
NML,ccsm4_rcp85_r1i1p1,FORE-SCE-A2,45292089603.775635,38845783882.13505,6446305721.64058
NML,ccsm4_rcp85_r1i1p1,FORE-SCE-B1,47196938255.14772,41870113480.13456,5326824775.013156
NML,ccsm4_rcp85_r1i1p1,GCAM-26,47896592364.158875,28427594169.455063,19468998194.7038
NML,ccsm4_rcp85_r1i1p1,GCAM-45,46797879943.03527,34355754503.411297,12442125439.623964
NML,ccsm4_rcp85_r1i1p1,GCAM-ref,47095131546.8253,38644667528.92577,8450464017.89953
NML,ccsm4_rcp85_r1i1p1,LUCAS-BAU_High-0001,49852277605.452866,45927309488.21318,3924968117.2396784
NML,ccsm4_rcp85_r1i1p1,LUCAS-BAU_High-0002,49702320329.6416,45589932837.65249,4112387491.9891067
NML,cesm1-bgc_rcp45_r1i1p1,FORE-SCE-A1B,18832907838.621387,12666432844.26424,6166474994.357149
NML,cesm1-bgc_rcp45_r1i1p1,FORE-SCE-A2,17654154992.870743,12672367220.520115,4981787772.35063
NML,cesm1-bgc_rcp45_r1i1p1,FORE-SCE-B1,16549159418.390713,12613556281.119713,3935603137.2709985
NML,cesm1-bgc_rcp45_r1i1p1,GCAM-26,24539775081.40827,9735808926.18929,14803966155.218985
NML,cesm1-bgc_rcp45_r1i1p1,GCAM-45,21291191054.904427,12112917121.54926,9178273933.355171
NML,cesm1-bgc_rcp45_r1i1p1,GCAM-ref,18257382209.907436,12308749512.444382,5948632697.463058
NML,cesm1-bgc_rcp45_r1i1p1,LUCAS-BAU_High-0001,15587062774.160486,12587570710.24899,2999492063.9114966
NML,cesm1-bgc_rcp45_r1i1p1,LUCAS-BAU_High-0002,15876653002.668169,12814880433.220516,3061772569.447649
NML,cesm1-bgc_rcp85_r1i1p1,FORE-SCE-A1B,36719882805.87576,33774553057.82829,2945329748.047472
NML,cesm1-bgc_rcp85_r1i1p1,FORE-SCE-A2,37458449459.5591,35482757570.378265,1975691889.180834
NML,cesm1-bgc_rcp85_r1i1p1,FORE-SCE-B1,42117617435.89438,40369070303.00662,1748547132.8877485
NML,cesm1-bgc_rcp85_r1i1p1,GCAM-26,28119158332.58866,19709915034.111816,8409243298.476834
NML,cesm1-bgc_rcp85_r1i1p1,GCAM-45,31021025419.87256,26355923776.634747,4665101643.237807
NML,cesm1-bgc_rcp85_r1i1p1,GCAM-ref,37079628040.51801,33889415782.564163,3190212257.953855
NML,cesm1-bgc_rcp85_r1i1p1,LUCAS-BAU_High-0001,47498017294.375244,46144283035.094826,1353734259.2804098
NML,cesm1-bgc_rcp85_r1i1p1,LUCAS-BAU_High-0002,47596026462.25301,46140535389.3647,1455491072.888309
NML,cesm1-cam5_rcp26_r1i1p1,FORE-SCE-A1B,12259620601.928516,5508228460.496095,6751392141.432409
NML,cesm1-cam5_rcp26_r1i1p1,FORE-SCE-A2,11010252592.94675,5447164509.369905,5563088083.576845
NML,cesm1-cam5_rcp26_r1i1p1,FORE-SCE-B1,9872724138.548824,5322918201.003388,4549805937.545437
NML,cesm1-cam5_rcp26_r1i1p1,GCAM-26,21530281312.470833,6661751620.23608,14868529692.23476
NML,cesm1-cam5_rcp26_r1i1p1,GCAM-45,15799208752.696712,6326101063.345953,9473107689.35076
NML,cesm1-cam5_rcp26_r1i1p1,GCAM-ref,12437096115.122305,5874520042.489336,6562576072.632968
NML,cesm1-cam5_rcp26_r1i1p1,LUCAS-BAU_High-0001,10390258402.420195,6883450401.871782,3506808000.5484095
NML,cesm1-cam5_rcp26_r1i1p1,LUCAS-BAU_High-0002,10557559637.137257,6904753603.016148,3652806034.1211085
NML,cesm1-cam5_rcp45_r1i1p1,FORE-SCE-A1B,15683718536.708164,1873145418.579187,13810573118.128977
NML,cesm1-cam5_rcp45_r1i1p1,FORE-SCE-A2,13660752854.856047,1940893584.005,11719859270.851053
NML,cesm1-cam5_rcp45_r1i1p1,FORE-SCE-B1,11840138463.621252,1927112534.657999,9913025928.963253
NML,cesm1-cam5_rcp45_r1i1p1,GCAM-26,30169275388.358334,2612917698.9261594,27556357689.43217
NML,cesm1-cam5_rcp45_r1i1p1,GCAM-45,21712110340.36241,2133897283.0519576,19578213057.310455
NML,cesm1-cam5_rcp45_r1i1p1,GCAM-ref,16742079042.281275,1988552366.3134913,14753526675.967785
NML,cesm1-cam5_rcp45_r1i1p1,LUCAS-BAU_High-0001,9934861750.977287,1735403475.5162764,8199458275.461013
NML,cesm1-cam5_rcp45_r1i1p1,LUCAS-BAU_High-0002,10286943226.973497,1810287623.4488206,8476655603.524673
NML,cesm1-cam5_rcp60_r1i1p1,FORE-SCE-A1B,31595867040.01842,20130232384.76755,11465634655.250881
NML,cesm1-cam5_rcp60_r1i1p1,FORE-SCE-A2,30845998511.00913,21480554246.433937,9365444264.575182
NML,cesm1-cam5_rcp60_r1i1p1,FORE-SCE-B1,29111886619.93974,21058593071.31701,8053293548.622732
NML,cesm1-cam5_rcp60_r1i1p1,GCAM-26,43910685122.52044,20737412962.32272,23173272160.197716
NML,cesm1-cam5_rcp60_r1i1p1,GCAM-45,36046827527.5264,20124398587.6325,15922428939.893896
NML,cesm1-cam5_rcp60_r1i1p1,GCAM-ref,31907794378.10145,20150370462.69985,11757423915.401606
NML,cesm1-cam5_rcp60_r1i1p1,LUCAS-BAU_High-0001,27843349717.026943,21293466582.38949,6549883134.63745
NML,cesm1-cam5_rcp60_r1i1p1,LUCAS-BAU_High-0002,27894559937.85402,21043168786.39586,6851391151.458154
NML,cesm1-cam5_rcp85_r1i1p1,FORE-SCE-A1B,67664192210.59481,56148161403.93909,11516030806.65575
NML,cesm1-cam5_rcp85_r1i1p1,FORE-SCE-A2,67374742586.52298,57691540304.00388,9683202282.519115
NML,cesm1-cam5_rcp85_r1i1p1,FORE-SCE-B1,66458229822.444405,58306542448.84491,8151687373.599479
NML,cesm1-cam5_rcp85_r1i1p1,GCAM-26,77432236287.44472,54456492439.473755,22975743847.97095
NML,cesm1-cam5_rcp85_r1i1p1,GCAM-45,69929035010.85738,54221199149.70841,15707835861.148956
NML,cesm1-cam5_rcp85_r1i1p1,GCAM-ref,69903422738.59248,58590671017.15212,11312751721.440367
NML,cesm1-cam5_rcp85_r1i1p1,LUCAS-BAU_High-0001,68197666145.44801,61692844753.98693,6504821391.461079
NML,cesm1-cam5_rcp85_r1i1p1,LUCAS-BAU_High-0002,68157065401.264336,61406903857.138504,6750161544.125849
NML,cmcc-cm_rcp45_r1i1p1,FORE-SCE-A1B,12460617494.483591,0.0,12460617494.483591
NML,cmcc-cm_rcp45_r1i1p1,FORE-SCE-A2,9772807506.30686,0.0,9772807506.30686
NML,cmcc-cm_rcp45_r1i1p1,FORE-SCE-B1,7876768134.212558,0.0,7876768134.212558
NML,cmcc-cm_rcp45_r1i1p1,GCAM-26,28617150648.750767,0.0,28617150648.750767
NML,cmcc-cm_rcp45_r1i1p1,GCAM-45,18281750103.386654,0.0,18281750103.386654
NML,cmcc-cm_rcp45_r1i1p1,GCAM-ref,12342320444.778448,0.0,12342320444.778448
NML,cmcc-cm_rcp45_r1i1p1,LUCAS-BAU_High-0001,5910071739.419296,121128377.64418663,5788943361.77511
NML,cmcc-cm_rcp45_r1i1p1,LUCAS-BAU_High-0002,6182916307.059027,77896483.56099169,6105019823.498035
NML,cmcc-cm_rcp85_r1i1p1,FORE-SCE-A1B,12706083915.19842,0.0,12706083915.19842
NML,cmcc-cm_rcp85_r1i1p1,FORE-SCE-A2,10723788112.600733,0.0,10723788112.600733
NML,cmcc-cm_rcp85_r1i1p1,FORE-SCE-B1,8381806471.09408,1084973.5159240481,8380721497.5781555
NML,cmcc-cm_rcp85_r1i1p1,GCAM-26,28031042441.90185,0.0,28031042441.90185
NML,cmcc-cm_rcp85_r1i1p1,GCAM-45,18232863635.077217,0.0,18232863635.077217
NML,cmcc-cm_rcp85_r1i1p1,GCAM-ref,12063942826.660238,0.0,12063942826.660238
NML,cmcc-cm_rcp85_r1i1p1,LUCAS-BAU_High-0001,6457337740.746519,244035278.8837754,6213302461.862744
NML,cmcc-cm_rcp85_r1i1p1,LUCAS-BAU_High-0002,6596471708.249213,125996137.70557162,6470475570.543642
NML,cnrm-cm5_rcp45_r1i1p1,FORE-SCE-A1B,84262668096.58176,81988921559.51292,2273746537.0688467
NML,cnrm-cm5_rcp45_r1i1p1,FORE-SCE-A2,87643913925.2586,86009910613.11447,1634003312.1441047
NML,cnrm-cm5_rcp45_r1i1p1,FORE-SCE-B1,87915497927.32806,86738674982.63994,1176822944.6881578
NML,cnrm-cm5_rcp45_r1i1p1,GCAM-26,76770231674.53949,69093190926.04855,7677040748.49093
NML,cnrm-cm5_rcp45_r1i1p1,GCAM-45,80061101893.19272,76083435187.97536,3977666705.217373
NML,cnrm-cm5_rcp45_r1i1p1,GCAM-ref,80309055947.93266,78020022211.26816,2289033736.6645145
NML,cnrm-cm5_rcp45_r1i1p1,LUCAS-BAU_High-0001,91874056443.79858,91129304294.99384,744752148.8047338
NML,cnrm-cm5_rcp45_r1i1p1,LUCAS-BAU_High-0002,93542648033.54173,92733542181.18164,809105852.3600723
NML,cnrm-cm5_rcp85_r1i1p1,FORE-SCE-A1B,158865787532.50745,155646878196.10184,3218909336.4055605
NML,cnrm-cm5_rcp85_r1i1p1,FORE-SCE-A2,168019741220.71472,165617138011.93942,2402603208.7753015
NML,cnrm-cm5_rcp85_r1i1p1,FORE-SCE-B1,175692287691.64233,173820520374.2555,1871767317.386927
NML,cnrm-cm5_rcp85_r1i1p1,GCAM-26,124843867183.67638,115522568191.42162,9321298992.254738
NML,cnrm-cm5_rcp85_r1i1p1,GCAM-45,145653491462.22644,140422137718.67798,5231353743.548485
NML,cnrm-cm5_rcp85_r1i1p1,GCAM-ref,155625399154.27753,152374796316.41382,3250602837.8637238
NML,cnrm-cm5_rcp85_r1i1p1,LUCAS-BAU_High-0001,186537311060.57028,185248117730.97723,1289193329.593087
NML,cnrm-cm5_rcp85_r1i1p1,LUCAS-BAU_High-0002,182250888229.54614,180886101634.68842,1364786594.8577418
NML,csiro-mk3-6-0_rcp26_r1i1p1,FORE-SCE-A1B,54600075979.70547,44085754499.62384,10514321480.081629
NML,csiro-mk3-6-0_rcp26_r1i1p1,FORE-SCE-A2,58287794606.46701,50187887470.508545,8099907135.958459
NML,csiro-mk3-6-0_rcp26_r1i1p1,FORE-SCE-B1,63303642398.13643,56324145771.3804,6979496626.756026
NML,csiro-mk3-6-0_rcp26_r1i1p1,GCAM-26,57675121052.26382,34662053031.07361,23013068021.190193
NML,csiro-mk3-6-0_rcp26_r1i1p1,GCAM-45,53205332301.27296,38128656353.76044,15076675947.512512
NML,csiro-mk3-6-0_rcp26_r1i1p1,GCAM-ref,54642307008.83673,43603865915.92578,11038441092.91095
NML,csiro-mk3-6-0_rcp26_r1i1p1,LUCAS-BAU_High-0001,68550412667.87398,62759026401.60725,5791386266.266737
NML,csiro-mk3-6-0_rcp26_r1i1p1,LUCAS-BAU_High-0002,67394612345.441635,61333353946.28844,6061258399.1532135
NML,csiro-mk3-6-0_rcp45_r1i1p1,FORE-SCE-A1B,12059475679.270681,164311969.42860398,11895163709.842077
NML,csiro-mk3-6-0_rcp45_r1i1p1,FORE-SCE-A2,9280705405.358326,211028139.22023433,9069677266.138092
NML,csiro-mk3-6-0_rcp45_r1i1p1,FORE-SCE-B1,7739081967.439772,389349337.355471,7349732630.084301
NML,csiro-mk3-6-0_rcp45_r1i1p1,GCAM-26,27651820172.32189,52405745.34802663,27599414426.973866
NML,csiro-mk3-6-0_rcp45_r1i1p1,GCAM-45,17928976818.242054,113866240.35174426,17815110577.89031
NML,csiro-mk3-6-0_rcp45_r1i1p1,GCAM-ref,12502974529.939537,117822928.73427823,12385151601.205257
NML,csiro-mk3-6-0_rcp45_r1i1p1,LUCAS-BAU_High-0001,6020655859.412004,190894069.11340284,5829761790.298601
NML,csiro-mk3-6-0_rcp45_r1i1p1,LUCAS-BAU_High-0002,6528848914.687973,395117800.42637074,6133731114.261602
NML,csiro-mk3-6-0_rcp60_r1i1p1,FORE-SCE-A1B,8965820225.36532,0.0,8965820225.36532
NML,csiro-mk3-6-0_rcp60_r1i1p1,FORE-SCE-A2,7355258015.823472,0.0,7355258015.823472
NML,csiro-mk3-6-0_rcp60_r1i1p1,FORE-SCE-B1,5793500570.622002,0.0,5793500570.622002
NML,csiro-mk3-6-0_rcp60_r1i1p1,GCAM-26,20688195776.04348,0.0,20688195776.04348
NML,csiro-mk3-6-0_rcp60_r1i1p1,GCAM-45,13020668425.497532,0.0,13020668425.497532
NML,csiro-mk3-6-0_rcp60_r1i1p1,GCAM-ref,8615586972.097013,0.0,8615586972.097013
NML,csiro-mk3-6-0_rcp60_r1i1p1,LUCAS-BAU_High-0001,4377986882.972747,0.0,4377986882.972747
NML,csiro-mk3-6-0_rcp60_r1i1p1,LUCAS-BAU_High-0002,4641362016.838964,0.0,4641362016.838964
NML,csiro-mk3-6-0_rcp85_r1i1p1,FORE-SCE-A1B,19130173172.82776,10936537906.623058,8193635266.2047
NML,csiro-mk3-6-0_rcp85_r1i1p1,FORE-SCE-A2,19492121893.594902,13270747620.991478,6221374272.603427
NML,csiro-mk3-6-0_rcp85_r1i1p1,FORE-SCE-B1,21541120549.263184,16443442766.480406,5097677782.782783
NML,csiro-mk3-6-0_rcp85_r1i1p1,GCAM-26,25822875222.5395,5401677488.763506,20421197733.776
NML,csiro-mk3-6-0_rcp85_r1i1p1,GCAM-45,20545984537.039364,7983880232.919868,12562104304.11949
NML,csiro-mk3-6-0_rcp85_r1i1p1,GCAM-ref,20654170757.179268,11913891755.063942,8740279002.115326
NML,csiro-mk3-6-0_rcp85_r1i1p1,LUCAS-BAU_High-0001,31714812983.77825,27983990103.77522,3730822880.0030327
NML,csiro-mk3-6-0_rcp85_r1i1p1,LUCAS-BAU_High-0002,22693488449.25657,18677028395.546787,4016460053.7097836
NML,fgoals-g2_rcp26_r1i1p1,FORE-SCE-A1B,15248773658.415688,10056248513.812744,5192525144.602944
NML,fgoals-g2_rcp26_r1i1p1,FORE-SCE-A2,14552343527.206436,10658501964.446112,3893841562.7603197
NML,fgoals-g2_rcp26_r1i1p1,FORE-SCE-B1,13340207972.262577,10184762400.49864,3155445571.7639427
NML,fgoals-g2_rcp26_r1i1p1,GCAM-26,22378985347.38509,7800563082.568462,14578422264.81663
NML,fgoals-g2_rcp26_r1i1p1,GCAM-45,17141720871.347216,8951122689.146206,8190598182.201009
NML,fgoals-g2_rcp26_r1i1p1,GCAM-ref,14685205009.035975,9356301629.691452,5328903379.344518
NML,fgoals-g2_rcp26_r1i1p1,LUCAS-BAU_High-0001,12857595551.14367,10463281113.738598,2394314437.405079
NML,fgoals-g2_rcp26_r1i1p1,LUCAS-BAU_High-0002,13019548856.221447,10486704201.83739,2532844654.384054
ORO,access1-0_rcp45_r1i1p1,FORE-SCE-A1B,90467239583.83911,235241000.00000325,90231998583.83911
ORO,access1-0_rcp45_r1i1p1,FORE-SCE-A2,72664922557.98083,235240999.99999452,72429681557.98083
ORO,access1-0_rcp45_r1i1p1,FORE-SCE-B1,56750774761.96336,235241000.0000091,56515533761.96336
ORO,access1-0_rcp45_r1i1p1,GCAM-26,212558397467.80417,235240999.99999163,212323156467.80417
ORO,access1-0_rcp45_r1i1p1,GCAM-45,133815674673.76396,235241000.00000617,133580433673.76393
ORO,access1-0_rcp45_r1i1p1,GCAM-ref,87849307663.81111,235240999.99999744,87614066663.81111
ORO,access1-0_rcp45_r1i1p1,LUCAS-BAU_High-0001,41195990080.460396,235241000.00000036,40960749080.460396
ORO,access1-0_rcp45_r1i1p1,LUCAS-BAU_High-0002,43389173768.90036,235241000.0000091,43153932768.90035
ORO,access1-0_rcp85_r1i1p1,FORE-SCE-A1B,158610720168.1083,0.0,158610720168.1083
ORO,access1-0_rcp85_r1i1p1,FORE-SCE-A2,128795351792.98167,0.0,128795351792.98167
ORO,access1-0_rcp85_r1i1p1,FORE-SCE-B1,108324730832.78592,0.0,108324730832.78592
ORO,access1-0_rcp85_r1i1p1,GCAM-26,331759990591.64844,0.0,331759990591.64844
ORO,access1-0_rcp85_r1i1p1,GCAM-45,221327661712.04837,0.0,221327661712.04837
ORO,access1-0_rcp85_r1i1p1,GCAM-ref,158958467082.54584,0.0,158958467082.54584
ORO,access1-0_rcp85_r1i1p1,LUCAS-BAU_High-0001,83459255511.84776,0.0,83459255511.84776
ORO,access1-0_rcp85_r1i1p1,LUCAS-BAU_High-0002,87326689779.07509,0.0,87326689779.07509
ORO,bcc-csm1-1-m_rcp45_r1i1p1,FORE-SCE-A1B,121758765875.95512,1923576598.7737308,119835189277.1814
ORO,bcc-csm1-1-m_rcp45_r1i1p1,FORE-SCE-A2,104501272638.14111,4393687999.999997,100107584638.14113
ORO,bcc-csm1-1-m_rcp45_r1i1p1,FORE-SCE-B1,87412469827.78055,4344271586.450297,83068198241.33025
ORO,bcc-csm1-1-m_rcp45_r1i1p1,GCAM-26,258143333206.63425,1604608000.0000045,256538725206.63425
ORO,bcc-csm1-1-m_rcp45_r1i1p1,GCAM-45,172266658640.3719,1604608000.0000103,170662050640.37186
ORO,bcc-csm1-1-m_rcp45_r1i1p1,GCAM-ref,122842138387.6616,1604607999.9999928,121237530387.6616
ORO,bcc-csm1-1-m_rcp45_r1i1p1,LUCAS-BAU_High-0001,67564694314.39116,1917039030.760611,65647655283.630554
ORO,bcc-csm1-1-m_rcp45_r1i1p1,LUCAS-BAU_High-0002,68493993000.41593,2299113901.2127185,66194879099.20321
ORO,bcc-csm1-1-m_rcp85_r1i1p1,FORE-SCE-A1B,99737642405.30093,4954985000.0,94782657405.30093
ORO,bcc-csm1-1-m_rcp85_r1i1p1,FORE-SCE-A2,85092114995.67696,6940208290.251904,78151906705.42505
ORO,bcc-csm1-1-m_rcp85_r1i1p1,FORE-SCE-B1,70229655645.26479,7458898722.529974,62770756922.734825
ORO,bcc-csm1-1-m_rcp85_r1i1p1,GCAM-26,216593611864.69852,4954985000.000007,211638626864.69852
ORO,bcc-csm1-1-m_rcp85_r1i1p1,GCAM-45,140944993385.5169,4954985000.000012,135990008385.51688
ORO,bcc-csm1-1-m_rcp85_r1i1p1,GCAM-ref,96800812979.52849,4954984999.999977,91845827979.5285
ORO,bcc-csm1-1-m_rcp85_r1i1p1,LUCAS-BAU_High-0001,55342699706.55405,8683378999.999973,46659320706.55408
ORO,bcc-csm1-1-m_rcp85_r1i1p1,LUCAS-BAU_High-0002,57543547221.545845,8683378999.999987,48860168221.54587
ORO,bcc-csm1-1_rcp26_r1i1p1,FORE-SCE-A1B,218756484644.8813,0.0,218756484644.8813
ORO,bcc-csm1-1_rcp26_r1i1p1,FORE-SCE-A2,182270219028.26627,0.0,182270219028.26627
ORO,bcc-csm1-1_rcp26_r1i1p1,FORE-SCE-B1,157050483678.77353,0.0,157050483678.77353
ORO,bcc-csm1-1_rcp26_r1i1p1,GCAM-26,406268226373.6078,0.0,406268226373.6078
ORO,bcc-csm1-1_rcp26_r1i1p1,GCAM-45,291484567621.35114,0.0,291484567621.35114
ORO,bcc-csm1-1_rcp26_r1i1p1,GCAM-ref,220194640186.3317,0.0,220194640186.3317
ORO,bcc-csm1-1_rcp26_r1i1p1,LUCAS-BAU_High-0001,130661169509.93207,0.0,130661169509.93207
ORO,bcc-csm1-1_rcp26_r1i1p1,LUCAS-BAU_High-0002,135453448484.33124,0.0,135453448484.33124
ORO,bcc-csm1-1_rcp45_r1i1p1,FORE-SCE-A1B,160994439221.9345,2216624999.9999943,158777814221.9345
ORO,bcc-csm1-1_rcp45_r1i1p1,FORE-SCE-A2,135680017038.29443,2216624999.999997,133463392038.29443
ORO,bcc-csm1-1_rcp45_r1i1p1,FORE-SCE-B1,113319595594.70541,2216624999.9999914,111102970594.70544
ORO,bcc-csm1-1_rcp45_r1i1p1,GCAM-26,320501304839.10876,2216624999.9999914,318284679839.10876
ORO,bcc-csm1-1_rcp45_r1i1p1,GCAM-45,220850107396.43707,2216625000.0,218633482396.43707
ORO,bcc-csm1-1_rcp45_r1i1p1,GCAM-ref,157919018342.1701,2216625000.000012,155702393342.17007
ORO,bcc-csm1-1_rcp45_r1i1p1,LUCAS-BAU_High-0001,89277786500.30241,2216625000.0,87061161500.30241
ORO,bcc-csm1-1_rcp45_r1i1p1,LUCAS-BAU_High-0002,92891800278.70862,2216624999.9999943,90675175278.70863
ORO,bcc-csm1-1_rcp60_r1i1p1,FORE-SCE-A1B,147475817347.58792,0.0,147475817347.58792
ORO,bcc-csm1-1_rcp60_r1i1p1,FORE-SCE-A2,119600189705.50244,0.0,119600189705.50244
ORO,bcc-csm1-1_rcp60_r1i1p1,FORE-SCE-B1,101777730601.32219,0.0,101777730601.32219
ORO,bcc-csm1-1_rcp60_r1i1p1,GCAM-26,296645423904.5022,0.0,296645423904.5022
ORO,bcc-csm1-1_rcp60_r1i1p1,GCAM-45,205622025020.00632,0.0,205622025020.00632
ORO,bcc-csm1-1_rcp60_r1i1p1,GCAM-ref,152889381767.94174,0.0,152889381767.94174
ORO,bcc-csm1-1_rcp60_r1i1p1,LUCAS-BAU_High-0001,85747099821.1053,0.0,85747099821.1053
ORO,bcc-csm1-1_rcp60_r1i1p1,LUCAS-BAU_High-0002,88983847654.11453,0.0,88983847654.11453
ORO,bcc-csm1-1_rcp85_r1i1p1,FORE-SCE-A1B,185634086503.89227,35877333999.99998,149756752503.89224
ORO,bcc-csm1-1_rcp85_r1i1p1,FORE-SCE-A2,165796888514.8276,35877334000.0,129919554514.82756
ORO,bcc-csm1-1_rcp85_r1i1p1,FORE-SCE-B1,140586905752.67157,35877333999.999985,104709571752.67159
ORO,bcc-csm1-1_rcp85_r1i1p1,GCAM-26,320490985895.2033,14878343703.474354,305612642191.72894
ORO,bcc-csm1-1_rcp85_r1i1p1,GCAM-45,235744231525.14127,28119253654.57747,207624977870.5638
ORO,bcc-csm1-1_rcp85_r1i1p1,GCAM-ref,178820114736.05405,34038247015.199654,144781867720.85434
ORO,bcc-csm1-1_rcp85_r1i1p1,LUCAS-BAU_High-0001,121139668807.95056,39365271999.99998,81774396807.9506
ORO,bcc-csm1-1_rcp85_r1i1p1,LUCAS-BAU_High-0002,124001768618.89513,39365271999.999985,84636496618.8951
ORO,canesm2_rcp26_r1i1p1,FORE-SCE-A1B,152007178241.68286,53854056000.000015,98153122241.6829
ORO,canesm2_rcp26_r1i1p1,FORE-SCE-A2,130111823448.57597,53854056000.0,76257767448.57599
ORO,canesm2_rcp26_r1i1p1,FORE-SCE-B1,117041812145.80254,53854056000.000015,63187756145.8025
ORO,canesm2_rcp26_r1i1p1,GCAM-26,276149999939.8064,53854056000.00001,222295943939.80637
ORO,canesm2_rcp26_r1i1p1,GCAM-45,197060978075.56943,53854056000.00003,143206922075.56934
ORO,canesm2_rcp26_r1i1p1,GCAM-ref,152991921045.53787,53854056000.0,99137865045.53789
ORO,canesm2_rcp26_r1i1p1,LUCAS-BAU_High-0001,101676904414.38834,53854055999.999985,47822848414.38838
ORO,canesm2_rcp26_r1i1p1,LUCAS-BAU_High-0002,104229039080.54068,53854056000.00006,50374983080.54061
ORO,canesm2_rcp45_r1i1p1,FORE-SCE-A1B,112303659556.79634,13338986903.468714,98964672653.32759
ORO,canesm2_rcp45_r1i1p1,FORE-SCE-A2,96751071735.23445,15105115144.44503,81645956590.78941
ORO,canesm2_rcp45_r1i1p1,FORE-SCE-B1,84993514909.00247,18435638713.159374,66557876195.8431
ORO,canesm2_rcp45_r1i1p1,GCAM-26,222424119937.87244,2851239366.4169154,219572880571.45554
ORO,canesm2_rcp45_r1i1p1,GCAM-45,149965029983.19797,8385845568.024675,141579184415.17325
ORO,canesm2_rcp45_r1i1p1,GCAM-ref,113801309721.32524,15012102285.61801,98789207435.70723
ORO,canesm2_rcp45_r1i1p1,LUCAS-BAU_High-0001,73503902774.23232,21054789635.91593,52449113138.316376
ORO,canesm2_rcp45_r1i1p1,LUCAS-BAU_High-0002,75952978081.35498,20544240082.999886,55408737998.35509
ORO,canesm2_rcp85_r1i1p1,FORE-SCE-A1B,473370861422.97986,366370602003.04193,107000259419.93779
ORO,canesm2_rcp85_r1i1p1,FORE-SCE-A2,464882958917.90875,375985645986.83813,88897312931.07072
ORO,canesm2_rcp85_r1i1p1,FORE-SCE-B1,450731014535.41235,376706269999.9999,74024744535.41246
ORO,canesm2_rcp85_r1i1p1,GCAM-26,549032947117.608,323963699654.80554,225069247462.8023
ORO,canesm2_rcp85_r1i1p1,GCAM-45,489078283992.46735,338088423007.60815,150989860984.8592
ORO,canesm2_rcp85_r1i1p1,GCAM-ref,472418499405.1178,362902039608.6906,109516459796.42723
ORO,canesm2_rcp85_r1i1p1,LUCAS-BAU_High-0001,446146358418.8935,384622713333.5945,61523645085.299065
ORO,canesm2_rcp85_r1i1p1,LUCAS-BAU_High-0002,446820783163.56934,383270514260.8319,63550268902.73749
ORO,ccsm4_rcp26_r1i1p1,FORE-SCE-A1B,102230877803.35278,0.0,102230877803.35278
ORO,ccsm4_rcp26_r1i1p1,FORE-SCE-A2,85417185716.40436,0.0,85417185716.40436
ORO,ccsm4_rcp26_r1i1p1,FORE-SCE-B1,73935470729.6347,0.0,73935470729.6347
ORO,ccsm4_rcp26_r1i1p1,GCAM-26,224188966191.3392,0.0,224188966191.3392
ORO,ccsm4_rcp26_r1i1p1,GCAM-45,146416864124.46414,0.0,146416864124.46414
ORO,ccsm4_rcp26_r1i1p1,GCAM-ref,99421172441.8103,0.0,99421172441.8103
ORO,ccsm4_rcp26_r1i1p1,LUCAS-BAU_High-0001,52396467382.43212,0.0,52396467382.43212
ORO,ccsm4_rcp26_r1i1p1,LUCAS-BAU_High-0002,54673044782.77848,0.0,54673044782.77848
ORO,ccsm4_rcp45_r1i1p1,FORE-SCE-A1B,111123013881.07457,10177486296.167933,100945527584.90665
ORO,ccsm4_rcp45_r1i1p1,FORE-SCE-A2,92453411403.75537,11721782714.49599,80731628689.25935
ORO,ccsm4_rcp45_r1i1p1,FORE-SCE-B1,79725381860.63805,13047861999.999985,66677519860.63803
ORO,ccsm4_rcp45_r1i1p1,GCAM-26,230715521272.0634,7422138999.9999695,223293382272.06345
ORO,ccsm4_rcp45_r1i1p1,GCAM-45,153698168539.72626,7422138999.999992,146276029539.72626
ORO,ccsm4_rcp45_r1i1p1,GCAM-ref,116878389613.96617,12791338483.127298,104087051130.83888
ORO,ccsm4_rcp45_r1i1p1,LUCAS-BAU_High-0001,67425456571.029976,13047861999.999987,54377594571.02998
ORO,ccsm4_rcp45_r1i1p1,LUCAS-BAU_High-0002,69630247340.54121,13047861999.999994,56582385340.5412
ORO,ccsm4_rcp60_r1i1p1,FORE-SCE-A1B,95124281103.92111,20742484000.00002,74381797103.92108
ORO,ccsm4_rcp60_r1i1p1,FORE-SCE-A2,78718601321.5219,20742484000.000023,57976117321.52189
ORO,ccsm4_rcp60_r1i1p1,FORE-SCE-B1,68984149902.2626,20889115000.000027,48095034902.26257
ORO,ccsm4_rcp60_r1i1p1,GCAM-26,189153413905.50333,15729759319.965017,173423654585.5383
ORO,ccsm4_rcp60_r1i1p1,GCAM-45,130851278354.24426,20742484000.000008,110108794354.24426
ORO,ccsm4_rcp60_r1i1p1,GCAM-ref,98785804780.7619,20889115000.00002,77896689780.76189
ORO,ccsm4_rcp60_r1i1p1,LUCAS-BAU_High-0001,59213178570.01143,20889115000.000023,38324063570.011406
ORO,ccsm4_rcp60_r1i1p1,LUCAS-BAU_High-0002,60987760121.701004,20889114999.999996,40098645121.701004
ORO,ccsm4_rcp85_r1i1p1,FORE-SCE-A1B,180204220234.5063,48589758999.99999,131614461234.50627
ORO,ccsm4_rcp85_r1i1p1,FORE-SCE-A2,153917208603.59305,48872563749.46825,105044644854.12476
ORO,ccsm4_rcp85_r1i1p1,FORE-SCE-B1,141685995968.0277,54951607548.61192,86734388419.41577
ORO,ccsm4_rcp85_r1i1p1,GCAM-26,315677774066.55566,40992790897.2671,274684983169.2885
ORO,ccsm4_rcp85_r1i1p1,GCAM-45,231035431786.9374,48589758999.99997,182445672786.93744
ORO,ccsm4_rcp85_r1i1p1,GCAM-ref,178734851925.00983,50758535422.10733,127976316502.90244
ORO,ccsm4_rcp85_r1i1p1,LUCAS-BAU_High-0001,133916532472.09695,65846273088.59951,68070259383.49743
ORO,ccsm4_rcp85_r1i1p1,LUCAS-BAU_High-0002,135796085403.9944,64803228005.124664,70992857398.86974
ORO,cesm1-bgc_rcp45_r1i1p1,FORE-SCE-A1B,122174044892.65787,12438369999.999987,109735674892.65787
ORO,cesm1-bgc_rcp45_r1i1p1,FORE-SCE-A2,102441941113.64932,14009084954.58964,88432856159.0597
ORO,cesm1-bgc_rcp45_r1i1p1,FORE-SCE-B1,86697012231.0633,14434069444.3354,72262942786.72787
ORO,cesm1-bgc_rcp45_r1i1p1,GCAM-26,238190359533.2982,1462391492.977971,236727968040.32022
ORO,cesm1-bgc_rcp45_r1i1p1,GCAM-45,163516413636.88382,6955685604.408382,156560728032.47543
ORO,cesm1-bgc_rcp45_r1i1p1,GCAM-ref,121330454163.03932,12438369999.999985,108892084163.03935
ORO,cesm1-bgc_rcp45_r1i1p1,LUCAS-BAU_High-0001,71653169068.98448,15786328391.48071,55866840677.50377
ORO,cesm1-bgc_rcp45_r1i1p1,LUCAS-BAU_High-0002,73544153548.2696,15089978933.588139,58454174614.68146
ORO,cesm1-bgc_rcp85_r1i1p1,FORE-SCE-A1B,95051944710.59251,15637957001.710018,79413987708.8825
ORO,cesm1-bgc_rcp85_r1i1p1,FORE-SCE-A2,77117762858.47246,15898095416.944313,61219667441.528175
ORO,cesm1-bgc_rcp85_r1i1p1,FORE-SCE-B1,68020751393.377045,17708120803.985653,50312630589.391396
ORO,cesm1-bgc_rcp85_r1i1p1,GCAM-26,202800094473.80017,9581811572.374756,193218282901.42548
ORO,cesm1-bgc_rcp85_r1i1p1,GCAM-45,132460445272.88644,14932447116.406973,117527998156.47946
ORO,cesm1-bgc_rcp85_r1i1p1,GCAM-ref,99126953388.81924,15860572073.50141,83266381315.31783
ORO,cesm1-bgc_rcp85_r1i1p1,LUCAS-BAU_High-0001,58425440032.89078,17924589059.238678,40500850973.6521
ORO,cesm1-bgc_rcp85_r1i1p1,LUCAS-BAU_High-0002,57961742663.412346,17165551730.17749,40796190933.23484
ORO,cesm1-cam5_rcp26_r1i1p1,FORE-SCE-A1B,92008474582.61603,0.0,92008474582.61603
ORO,cesm1-cam5_rcp26_r1i1p1,FORE-SCE-A2,72146184109.65628,0.0,72146184109.65628
ORO,cesm1-cam5_rcp26_r1i1p1,FORE-SCE-B1,54862122181.79714,0.0,54862122181.79714
ORO,cesm1-cam5_rcp26_r1i1p1,GCAM-26,199987350956.04733,0.0,199987350956.04733
ORO,cesm1-cam5_rcp26_r1i1p1,GCAM-45,125744176783.78789,0.0,125744176783.78789
ORO,cesm1-cam5_rcp26_r1i1p1,GCAM-ref,88470422923.40315,0.0,88470422923.40315
ORO,cesm1-cam5_rcp26_r1i1p1,LUCAS-BAU_High-0001,40855902861.430405,0.0,40855902861.430405
ORO,cesm1-cam5_rcp26_r1i1p1,LUCAS-BAU_High-0002,44233316377.701164,0.0,44233316377.701164
ORO,cesm1-cam5_rcp45_r1i1p1,FORE-SCE-A1B,160325801431.6461,6300958999.999985,154024842431.6461
ORO,cesm1-cam5_rcp45_r1i1p1,FORE-SCE-A2,131741563137.97107,6300958999.999994,125440604137.97107
ORO,cesm1-cam5_rcp45_r1i1p1,FORE-SCE-B1,115449920208.48999,6300958999.999996,109148961208.48999
ORO,cesm1-cam5_rcp45_r1i1p1,GCAM-26,312460495153.5065,6300959000.0,306159536153.5065
ORO,cesm1-cam5_rcp45_r1i1p1,GCAM-45,217562160211.76205,6300958999.99999,211261201211.76202
ORO,cesm1-cam5_rcp45_r1i1p1,GCAM-ref,165528122468.7004,6300958999.999988,159227163468.7004
ORO,cesm1-cam5_rcp45_r1i1p1,LUCAS-BAU_High-0001,96264603734.84258,6300959000.0,89963644734.84258
ORO,cesm1-cam5_rcp45_r1i1p1,LUCAS-BAU_High-0002,99891903333.00304,6300959000.000003,93590944333.00304
ORO,cesm1-cam5_rcp60_r1i1p1,FORE-SCE-A1B,122813545760.81813,244132999.9999958,122569412760.81815
ORO,cesm1-cam5_rcp60_r1i1p1,FORE-SCE-A2,100015217614.10472,244133000.00001618,99771084614.1047
ORO,cesm1-cam5_rcp60_r1i1p1,FORE-SCE-B1,83554376699.56355,244132999.99999872,83310243699.56355
ORO,cesm1-cam5_rcp60_r1i1p1,GCAM-26,257277213220.3168,244133000.00001618,257033080220.31677
ORO,cesm1-cam5_rcp60_r1i1p1,GCAM-45,173332233336.37524,244133000.00001326,173088100336.3752
ORO,cesm1-cam5_rcp60_r1i1p1,GCAM-ref,124661627907.36374,244133000.00001326,124417494907.36374
ORO,cesm1-cam5_rcp60_r1i1p1,LUCAS-BAU_High-0001,66842066634.83801,244133000.00000164,66597933634.83801
ORO,cesm1-cam5_rcp60_r1i1p1,LUCAS-BAU_High-0002,69573283262.39494,244132999.9999958,69329150262.39496
ORO,cesm1-cam5_rcp85_r1i1p1,FORE-SCE-A1B,206594228090.74945,69605700999.99998,136988527090.74947
ORO,cesm1-cam5_rcp85_r1i1p1,FORE-SCE-A2,181780142550.73898,69605700999.99997,112174441550.73906
ORO,cesm1-cam5_rcp85_r1i1p1,FORE-SCE-B1,164508764949.09235,70330759000.00002,94178005949.0923
ORO,cesm1-cam5_rcp85_r1i1p1,GCAM-26,363232657501.65295,69605700999.99997,293626956501.6531
ORO,cesm1-cam5_rcp85_r1i1p1,GCAM-45,266186553907.88223,69605700999.99997,196580852907.88217
ORO,cesm1-cam5_rcp85_r1i1p1,GCAM-ref,212012351681.67316,70330758999.99997,141681592681.67325
ORO,cesm1-cam5_rcp85_r1i1p1,LUCAS-BAU_High-0001,146352935459.36362,70330758999.99995,76022176459.36375
ORO,cesm1-cam5_rcp85_r1i1p1,LUCAS-BAU_High-0002,149956248582.5835,70330758999.99998,79625489582.58348
ORO,cmcc-cm_rcp45_r1i1p1,FORE-SCE-A1B,123577743215.41393,0.0,123577743215.41393
ORO,cmcc-cm_rcp45_r1i1p1,FORE-SCE-A2,96924141081.49069,0.0,96924141081.49069
ORO,cmcc-cm_rcp45_r1i1p1,FORE-SCE-B1,77018862291.07864,0.0,77018862291.07864
ORO,cmcc-cm_rcp45_r1i1p1,GCAM-26,257470847538.46014,0.0,257470847538.46014
ORO,cmcc-cm_rcp45_r1i1p1,GCAM-45,166058706398.72095,0.0,166058706398.72095
ORO,cmcc-cm_rcp45_r1i1p1,GCAM-ref,113679203833.80093,0.0,113679203833.80093
ORO,cmcc-cm_rcp45_r1i1p1,LUCAS-BAU_High-0001,58074386562.71238,0.0,58074386562.71238
ORO,cmcc-cm_rcp45_r1i1p1,LUCAS-BAU_High-0002,61148664156.096054,0.0,61148664156.096054
ORO,cmcc-cm_rcp85_r1i1p1,FORE-SCE-A1B,163696029812.0912,0.0,163696029812.0912
ORO,cmcc-cm_rcp85_r1i1p1,FORE-SCE-A2,141936841472.13684,0.0,141936841472.13684
ORO,cmcc-cm_rcp85_r1i1p1,FORE-SCE-B1,105161100669.08936,0.0,105161100669.08936
ORO,cmcc-cm_rcp85_r1i1p1,GCAM-26,326715337232.8433,0.0,326715337232.8433
ORO,cmcc-cm_rcp85_r1i1p1,GCAM-45,224146406846.89212,0.0,224146406846.89212
ORO,cmcc-cm_rcp85_r1i1p1,GCAM-ref,159926215701.74875,0.0,159926215701.74875
ORO,cmcc-cm_rcp85_r1i1p1,LUCAS-BAU_High-0001,91120085500.7537,0.0,91120085500.7537
ORO,cmcc-cm_rcp85_r1i1p1,LUCAS-BAU_High-0002,94438188937.56596,0.0,94438188937.56596
ORO,cnrm-cm5_rcp45_r1i1p1,FORE-SCE-A1B,66308984440.77458,23641241999.999996,42667742440.77456
ORO,cnrm-cm5_rcp45_r1i1p1,FORE-SCE-A2,55498065562.20829,24635331000.000004,30862734562.208294
ORO,cnrm-cm5_rcp45_r1i1p1,FORE-SCE-B1,48289019429.540695,24635331000.000008,23653688429.540684
ORO,cnrm-cm5_rcp45_r1i1p1,GCAM-26,141380869029.3005,17594904999.99997,123785964029.30057
ORO,cnrm-cm5_rcp45_r1i1p1,GCAM-45,93725438680.73521,23641241999.999973,70084196680.73524
ORO,cnrm-cm5_rcp45_r1i1p1,GCAM-ref,67623390807.56044,23641242000.000042,43982148807.5604
ORO,cnrm-cm5_rcp45_r1i1p1,LUCAS-BAU_High-0001,48212942723.15002,31099640400.167618,17113302322.98238
ORO,cnrm-cm5_rcp45_r1i1p1,LUCAS-BAU_High-0002,48574777323.084526,30287779099.44204,18286998223.642487
ORO,cnrm-cm5_rcp85_r1i1p1,FORE-SCE-A1B,146126068066.71588,84510263042.07596,61615805024.63993
ORO,cnrm-cm5_rcp85_r1i1p1,FORE-SCE-A2,139326397874.69693,89489616198.25267,49836781676.444244
ORO,cnrm-cm5_rcp85_r1i1p1,FORE-SCE-B1,129653559067.35909,90861956514.94452,38791602552.414566
ORO,cnrm-cm5_rcp85_r1i1p1,GCAM-26,233245257311.82602,74797534163.0777,158447723148.74838
ORO,cnrm-cm5_rcp85_r1i1p1,GCAM-45,172601158273.86987,78032953291.6419,94568204982.22803
ORO,cnrm-cm5_rcp85_r1i1p1,GCAM-ref,144626201321.73477,83672198212.85208,60954003108.8827
ORO,cnrm-cm5_rcp85_r1i1p1,LUCAS-BAU_High-0001,114759713244.87473,88024110220.51535,26735603024.359367
ORO,cnrm-cm5_rcp85_r1i1p1,LUCAS-BAU_High-0002,118966504858.31908,90781896472.35376,28184608385.965313
ORO,csiro-mk3-6-0_rcp26_r1i1p1,FORE-SCE-A1B,147359108454.72922,0.0,147359108454.72922
ORO,csiro-mk3-6-0_rcp26_r1i1p1,FORE-SCE-A2,119514769055.15315,0.0,119514769055.15315
ORO,csiro-mk3-6-0_rcp26_r1i1p1,FORE-SCE-B1,103139877360.88829,0.0,103139877360.88829
ORO,csiro-mk3-6-0_rcp26_r1i1p1,GCAM-26,293372940032.0577,0.0,293372940032.0577
ORO,csiro-mk3-6-0_rcp26_r1i1p1,GCAM-45,201986440169.9267,0.0,201986440169.9267
ORO,csiro-mk3-6-0_rcp26_r1i1p1,GCAM-ref,150539265349.9205,0.0,150539265349.9205
ORO,csiro-mk3-6-0_rcp26_r1i1p1,LUCAS-BAU_High-0001,84298259902.81859,0.0,84298259902.81859
ORO,csiro-mk3-6-0_rcp26_r1i1p1,LUCAS-BAU_High-0002,87864543437.96634,0.0,87864543437.96634
ORO,csiro-mk3-6-0_rcp45_r1i1p1,FORE-SCE-A1B,137490824056.75107,0.0,137490824056.75107
ORO,csiro-mk3-6-0_rcp45_r1i1p1,FORE-SCE-A2,112750249228.56274,0.0,112750249228.56274
ORO,csiro-mk3-6-0_rcp45_r1i1p1,FORE-SCE-B1,90715738146.99193,0.0,90715738146.99193
ORO,csiro-mk3-6-0_rcp45_r1i1p1,GCAM-26,297989503047.5909,0.0,297989503047.5909
ORO,csiro-mk3-6-0_rcp45_r1i1p1,GCAM-45,199529026205.20355,0.0,199529026205.20355
ORO,csiro-mk3-6-0_rcp45_r1i1p1,GCAM-ref,141356306900.05823,0.0,141356306900.05823
ORO,csiro-mk3-6-0_rcp45_r1i1p1,LUCAS-BAU_High-0001,72590739856.62114,0.0,72590739856.62114
ORO,csiro-mk3-6-0_rcp45_r1i1p1,LUCAS-BAU_High-0002,75870999960.94962,0.0,75870999960.94962
ORO,csiro-mk3-6-0_rcp60_r1i1p1,FORE-SCE-A1B,156828796561.69708,51946711999.99992,104882084561.69717
ORO,csiro-mk3-6-0_rcp60_r1i1p1,FORE-SCE-A2,137902837543.4621,51946712000.000015,85956125543.46205
ORO,csiro-mk3-6-0_rcp60_r1i1p1,FORE-SCE-B1,122004860851.54814,51946711999.999954,70058148851.5482
ORO,csiro-mk3-6-0_rcp60_r1i1p1,GCAM-26,283411000811.2917,51946711999.999985,231464288811.29166
ORO,csiro-mk3-6-0_rcp60_r1i1p1,GCAM-45,202933072068.1021,51946711999.99997,150986360068.1021
ORO,csiro-mk3-6-0_rcp60_r1i1p1,GCAM-ref,155317336898.82785,51946711999.99995,103370624898.82793
ORO,csiro-mk3-6-0_rcp60_r1i1p1,LUCAS-BAU_High-0001,105794176704.07364,51946711999.999954,53847464704.07369
ORO,csiro-mk3-6-0_rcp60_r1i1p1,LUCAS-BAU_High-0002,108147734819.73344,51946711999.99998,56201022819.733444
ORO,csiro-mk3-6-0_rcp85_r1i1p1,FORE-SCE-A1B,144337733553.0585,4433477999.999997,139904255553.05847
ORO,csiro-mk3-6-0_rcp85_r1i1p1,FORE-SCE-A2,117167117039.97562,4433477999.999994,112733639039.97563
ORO,csiro-mk3-6-0_rcp85_r1i1p1,FORE-SCE-B1,97835565738.06308,4433477999.999988,93402087738.06308
ORO,csiro-mk3-6-0_rcp85_r1i1p1,GCAM-26,297996019716.2805,4212632999.9999843,293783386716.28046
ORO,csiro-mk3-6-0_rcp85_r1i1p1,GCAM-45,200831935094.033,4212632999.999987,196619302094.033
ORO,csiro-mk3-6-0_rcp85_r1i1p1,GCAM-ref,147610657071.7114,4433477999.999994,143177179071.71146
ORO,csiro-mk3-6-0_rcp85_r1i1p1,LUCAS-BAU_High-0001,81708908913.70592,6103628095.163435,75605280818.5425
ORO,csiro-mk3-6-0_rcp85_r1i1p1,LUCAS-BAU_High-0002,84106539407.32954,5169651293.392432,78936888113.9371
ORO,fgoals-g2_rcp26_r1i1p1,FORE-SCE-A1B,72678454244.08257,0.0,72678454244.08257
ORO,fgoals-g2_rcp26_r1i1p1,FORE-SCE-A2,53772726677.728516,0.0,53772726677.728516
ORO,fgoals-g2_rcp26_r1i1p1,FORE-SCE-B1,47521905957.69464,0.0,47521905957.69464
ORO,fgoals-g2_rcp26_r1i1p1,GCAM-26,173759877704.26505,0.0,173759877704.26505
ORO,fgoals-g2_rcp26_r1i1p1,GCAM-45,107694577828.19426,0.0,107694577828.19426
ORO,fgoals-g2_rcp26_r1i1p1,GCAM-ref,74439056412.44942,0.0,74439056412.44942
ORO,fgoals-g2_rcp26_r1i1p1,LUCAS-BAU_High-0001,35371160548.98025,0.0,35371160548.98025
ORO,fgoals-g2_rcp26_r1i1p1,LUCAS-BAU_High-0002,37777411669.80209,0.0,37777411669.80209
SHA,access1-0_rcp45_r1i1p1,FORE-SCE-A1B,251594143242.0798,0.0,251594143242.0798
SHA,access1-0_rcp45_r1i1p1,FORE-SCE-A2,208286937650.22968,0.0,208286937650.22968
SHA,access1-0_rcp45_r1i1p1,FORE-SCE-B1,172511635808.32443,0.0,172511635808.32443
SHA,access1-0_rcp45_r1i1p1,GCAM-26,523847668443.7337,0.0,523847668443.7337
SHA,access1-0_rcp45_r1i1p1,GCAM-45,352341382420.0795,0.0,352341382420.0795
SHA,access1-0_rcp45_r1i1p1,GCAM-ref,249209828499.4854,0.0,249209828499.4854
SHA,access1-0_rcp45_r1i1p1,LUCAS-BAU_High-0001,134811793584.38986,0.0,134811793584.38986
SHA,access1-0_rcp45_r1i1p1,LUCAS-BAU_High-0002,140762640958.2999,0.0,140762640958.2999
SHA,access1-0_rcp85_r1i1p1,FORE-SCE-A1B,426409245108.97394,29676987131.960873,396732257977.013
SHA,access1-0_rcp85_r1i1p1,FORE-SCE-A2,379030551410.0979,56380029372.025955,322650522038.0721
SHA,access1-0_rcp85_r1i1p1,FORE-SCE-B1,321791837948.08624,38209465580.02801,283582372368.0583
SHA,access1-0_rcp85_r1i1p1,GCAM-26,794369431710.6877,24900510677.32328,769468921033.3645
SHA,access1-0_rcp85_r1i1p1,GCAM-45,562708009895.1311,27238984002.94271,535469025892.1884
SHA,access1-0_rcp85_r1i1p1,GCAM-ref,429085307565.6838,28989657174.61742,400095650391.06635
SHA,access1-0_rcp85_r1i1p1,LUCAS-BAU_High-0001,264711800844.3878,35827962287.402275,228883838556.9855
SHA,access1-0_rcp85_r1i1p1,LUCAS-BAU_High-0002,276296423196.7971,38095007326.609856,238201415870.18723
SHA,bcc-csm1-1-m_rcp45_r1i1p1,FORE-SCE-A1B,329166401236.3125,85141046165.34541,244025355070.96698
SHA,bcc-csm1-1-m_rcp45_r1i1p1,FORE-SCE-A2,285521646768.1817,85460428272.35338,200061218495.8283
SHA,bcc-csm1-1-m_rcp45_r1i1p1,FORE-SCE-B1,255878592871.01694,88342041025.59407,167536551845.42282
SHA,bcc-csm1-1-m_rcp45_r1i1p1,GCAM-26,590033321181.2141,76556006015.09607,513477315166.118
SHA,bcc-csm1-1-m_rcp45_r1i1p1,GCAM-45,427305250891.1204,83224230016.8707,344081020874.2496
SHA,bcc-csm1-1-m_rcp45_r1i1p1,GCAM-ref,324100560950.6602,82966942130.57925,241133618820.08084
SHA,bcc-csm1-1-m_rcp45_r1i1p1,LUCAS-BAU_High-0001,218812824026.98343,89035669603.97557,129777154423.00781
SHA,bcc-csm1-1-m_rcp45_r1i1p1,LUCAS-BAU_High-0002,220631645154.64493,87965585822.47763,132666059332.16727
SHA,bcc-csm1-1-m_rcp85_r1i1p1,FORE-SCE-A1B,473822970687.0608,185449772138.84244,288373198548.21844
SHA,bcc-csm1-1-m_rcp85_r1i1p1,FORE-SCE-A2,427664102272.00507,187317690764.66956,240346411507.33557
SHA,bcc-csm1-1-m_rcp85_r1i1p1,FORE-SCE-B1,404609025103.7589,202578852452.26538,202030172651.4935
SHA,bcc-csm1-1-m_rcp85_r1i1p1,GCAM-26,737377453625.9224,170877922394.19586,566499531231.7267
SHA,bcc-csm1-1-m_rcp85_r1i1p1,GCAM-45,569817029192.1919,177208389833.16803,392608639359.024
SHA,bcc-csm1-1-m_rcp85_r1i1p1,GCAM-ref,482364298797.036,204028372211.07974,278335926585.95624
SHA,bcc-csm1-1-m_rcp85_r1i1p1,LUCAS-BAU_High-0001,379476472121.45575,221015994621.6893,158460477499.76654
SHA,bcc-csm1-1-m_rcp85_r1i1p1,LUCAS-BAU_High-0002,380921691080.6108,215473006153.5899,165448684927.02075
SHA,bcc-csm1-1_rcp26_r1i1p1,FORE-SCE-A1B,367596000690.5503,32406396296.421272,335189604394.129
SHA,bcc-csm1-1_rcp26_r1i1p1,FORE-SCE-A2,309589957968.82935,33965313495.68272,275624644473.14667
SHA,bcc-csm1-1_rcp26_r1i1p1,FORE-SCE-B1,265391472780.07428,30594807613.064907,234796665167.0094
SHA,bcc-csm1-1_rcp26_r1i1p1,GCAM-26,705977628744.2568,29276725878.3643,676700902865.8925
SHA,bcc-csm1-1_rcp26_r1i1p1,GCAM-45,494922550691.4406,30785206095.696526,464137344595.7441
SHA,bcc-csm1-1_rcp26_r1i1p1,GCAM-ref,367366060301.10474,31945465708.30331,335420594592.80145
SHA,bcc-csm1-1_rcp26_r1i1p1,LUCAS-BAU_High-0001,223810003188.74142,33806800812.282494,190003202376.45895
SHA,bcc-csm1-1_rcp26_r1i1p1,LUCAS-BAU_High-0002,229928831150.08044,32829456570.273815,197099374579.8067
SHA,bcc-csm1-1_rcp45_r1i1p1,FORE-SCE-A1B,370963937743.2934,78538989155.26355,292424948588.0299
SHA,bcc-csm1-1_rcp45_r1i1p1,FORE-SCE-A2,314093754246.22595,78513973915.25061,235579780330.97543
SHA,bcc-csm1-1_rcp45_r1i1p1,FORE-SCE-B1,270714374317.50342,80006889590.421,190707484727.0824
SHA,bcc-csm1-1_rcp45_r1i1p1,GCAM-26,642280400382.6947,70045204599.46533,572235195783.2294
SHA,bcc-csm1-1_rcp45_r1i1p1,GCAM-45,475355045759.80914,77363257949.08304,397991787810.726
SHA,bcc-csm1-1_rcp45_r1i1p1,GCAM-ref,340945254216.2517,69217355733.18694,271727898483.06476
SHA,bcc-csm1-1_rcp45_r1i1p1,LUCAS-BAU_High-0001,233858718803.3336,79242512048.57474,154616206754.75882
SHA,bcc-csm1-1_rcp45_r1i1p1,LUCAS-BAU_High-0002,232784711454.84396,78883551524.26979,153901159930.57434
SHA,bcc-csm1-1_rcp60_r1i1p1,FORE-SCE-A1B,255629963095.7238,12286309811.328728,243343653284.39505
SHA,bcc-csm1-1_rcp60_r1i1p1,FORE-SCE-A2,230613459607.8749,34168871628.611378,196444587979.26358
SHA,bcc-csm1-1_rcp60_r1i1p1,FORE-SCE-B1,193319114516.12753,31479548007.338894,161839566508.78867
SHA,bcc-csm1-1_rcp60_r1i1p1,GCAM-26,522484547686.4895,4928651572.61688,517555896113.87256
SHA,bcc-csm1-1_rcp60_r1i1p1,GCAM-45,370069781307.2977,19870295776.203964,350199485531.0937
SHA,bcc-csm1-1_rcp60_r1i1p1,GCAM-ref,264855973361.06247,15697490797.32923,249158482563.73328
SHA,bcc-csm1-1_rcp60_r1i1p1,LUCAS-BAU_High-0001,160872400311.4312,26949534879.21491,133922865432.21634
SHA,bcc-csm1-1_rcp60_r1i1p1,LUCAS-BAU_High-0002,173941064505.43195,36596819762.728264,137344244742.70374
SHA,bcc-csm1-1_rcp85_r1i1p1,FORE-SCE-A1B,437714999526.66626,149927372009.45013,287787627517.21606
SHA,bcc-csm1-1_rcp85_r1i1p1,FORE-SCE-A2,403400323886.03265,157495935665.44617,245904388220.5867
SHA,bcc-csm1-1_rcp85_r1i1p1,FORE-SCE-B1,358388615512.6957,158187429240.24655,200201186272.44913
SHA,bcc-csm1-1_rcp85_r1i1p1,GCAM-26,722622427286.9899,129659017297.21078,592963409989.7793
SHA,bcc-csm1-1_rcp85_r1i1p1,GCAM-45,542765097997.4371,141267783519.41138,401497314478.0257
SHA,bcc-csm1-1_rcp85_r1i1p1,GCAM-ref,425547455767.5559,143711817092.02264,281835638675.5332
SHA,bcc-csm1-1_rcp85_r1i1p1,LUCAS-BAU_High-0001,331347327834.90784,172930983627.9761,158416344206.9317
SHA,bcc-csm1-1_rcp85_r1i1p1,LUCAS-BAU_High-0002,333379119377.6875,168842061825.72754,164537057551.95984
SHA,canesm2_rcp26_r1i1p1,FORE-SCE-A1B,560595436541.3992,323638148374.5457,236957288166.8531
SHA,canesm2_rcp26_r1i1p1,FORE-SCE-A2,517978580289.18274,324805124963.90393,193173455325.27872
SHA,canesm2_rcp26_r1i1p1,FORE-SCE-B1,489008914596.7904,327556067106.586,161452847490.20428
SHA,canesm2_rcp26_r1i1p1,GCAM-26,811541116549.0271,315482053722.82404,496059062826.2031
SHA,canesm2_rcp26_r1i1p1,GCAM-45,652680372073.6107,319626864605.40015,333053507468.2105
SHA,canesm2_rcp26_r1i1p1,GCAM-ref,559602220103.6309,319778746757.19824,239823473346.43292
SHA,canesm2_rcp26_r1i1p1,LUCAS-BAU_High-0001,456929828474.1088,328628292561.2604,128301535912.84845
SHA,canesm2_rcp26_r1i1p1,LUCAS-BAU_High-0002,462362011861.3209,327792229409.69336,134569782451.62758
SHA,canesm2_rcp45_r1i1p1,FORE-SCE-A1B,440737332540.98956,119909094019.78323,320828238521.20636
SHA,canesm2_rcp45_r1i1p1,FORE-SCE-A2,391938241247.81885,122990068193.3588,268948173054.46002
SHA,canesm2_rcp45_r1i1p1,FORE-SCE-B1,361453206547.1253,127006508894.32172,234446697652.80344
SHA,canesm2_rcp45_r1i1p1,GCAM-26,721565131041.2842,124873169557.85306,596691961483.431
SHA,canesm2_rcp45_r1i1p1,GCAM-45,544618179502.3203,122782527831.71881,421835651670.6015
SHA,canesm2_rcp45_r1i1p1,GCAM-ref,442381158361.97266,121286053570.41815,321095104791.55444
SHA,canesm2_rcp45_r1i1p1,LUCAS-BAU_High-0001,318345106319.09705,119248872880.17697,199096233438.92004
SHA,canesm2_rcp45_r1i1p1,LUCAS-BAU_High-0002,323949455927.69055,119367069484.512,204582386443.1785
SHA,canesm2_rcp85_r1i1p1,FORE-SCE-A1B,1630110938241.9795,1343237038619.1404,286873899622.8394
SHA,canesm2_rcp85_r1i1p1,FORE-SCE-A2,1583659189619.7485,1340385488107.3342,243273701512.41434
SHA,canesm2_rcp85_r1i1p1,FORE-SCE-B1,1543914053977.0803,1340871946439.1929,203042107537.88785
SHA,canesm2_rcp85_r1i1p1,GCAM-26,1870677248271.3337,1307970202800.3513,562707045470.9823
SHA,canesm2_rcp85_r1i1p1,GCAM-45,1738276177904.5334,1349581653422.4048,388694524482.12897
SHA,canesm2_rcp85_r1i1p1,GCAM-ref,1651132629851.478,1363947416289.5234,287185213561.95435
SHA,canesm2_rcp85_r1i1p1,LUCAS-BAU_High-0001,1581379908427.149,1414087152997.2393,167292755429.9103
SHA,canesm2_rcp85_r1i1p1,LUCAS-BAU_High-0002,1532687775514.0361,1360339025720.107,172348749793.9293
SHA,ccsm4_rcp26_r1i1p1,FORE-SCE-A1B,208060077998.59232,12206684761.243587,195853393237.34872
SHA,ccsm4_rcp26_r1i1p1,FORE-SCE-A2,176756770628.2752,13885509075.256456,162871261553.01877
SHA,ccsm4_rcp26_r1i1p1,FORE-SCE-B1,145399966336.63522,14125227067.35463,131274739269.28056
SHA,ccsm4_rcp26_r1i1p1,GCAM-26,440753906819.6303,5617518905.847739,435136387913.7826
SHA,ccsm4_rcp26_r1i1p1,GCAM-45,292131127763.9463,8898569468.319147,283232558295.6271
SHA,ccsm4_rcp26_r1i1p1,GCAM-ref,201862217167.35596,11566483402.473663,190295733764.8823
SHA,ccsm4_rcp26_r1i1p1,LUCAS-BAU_High-0001,118813102954.29378,19708073384.27974,99105029570.01402
SHA,ccsm4_rcp26_r1i1p1,LUCAS-BAU_High-0002,123435345345.92805,17963529785.402496,105471815560.52556
SHA,ccsm4_rcp45_r1i1p1,FORE-SCE-A1B,283954491868.55884,85771286399.74017,198183205468.8186
SHA,ccsm4_rcp45_r1i1p1,FORE-SCE-A2,249436725231.49554,88511982563.94269,160924742667.5528
SHA,ccsm4_rcp45_r1i1p1,FORE-SCE-B1,219961368956.28217,90113522879.76004,129847846076.52214
SHA,ccsm4_rcp45_r1i1p1,GCAM-26,520002811105.78094,79657742123.63705,440345068982.14386
SHA,ccsm4_rcp45_r1i1p1,GCAM-45,370673627127.8435,84132797252.67726,286540829875.16626
SHA,ccsm4_rcp45_r1i1p1,GCAM-ref,286978747070.8329,86127012868.26611,200851734202.56683
SHA,ccsm4_rcp45_r1i1p1,LUCAS-BAU_High-0001,194070860374.083,89550021098.60852,104520839275.4745
SHA,ccsm4_rcp45_r1i1p1,LUCAS-BAU_High-0002,197706630288.1541,89275407088.92328,108431223199.23085
SHA,ccsm4_rcp60_r1i1p1,FORE-SCE-A1B,302000505311.515,110800219102.94302,191200286208.57202
SHA,ccsm4_rcp60_r1i1p1,FORE-SCE-A2,259706396300.1909,101410446480.19098,158295949819.9999
SHA,ccsm4_rcp60_r1i1p1,FORE-SCE-B1,248379259468.93295,122856574054.65417,125522685414.2787
SHA,ccsm4_rcp60_r1i1p1,GCAM-26,524597624049.9385,95074652341.34532,429522971708.5931
SHA,ccsm4_rcp60_r1i1p1,GCAM-45,380867421258.6102,102256124720.36327,278611296538.24695
SHA,ccsm4_rcp60_r1i1p1,GCAM-ref,311786374055.7385,114259765499.70996,197526608556.02844
SHA,ccsm4_rcp60_r1i1p1,LUCAS-BAU_High-0001,230997684441.24005,127766350301.84523,103231334139.39479
SHA,ccsm4_rcp60_r1i1p1,LUCAS-BAU_High-0002,234328356049.18018,126645475975.79607,107682880073.38408
SHA,ccsm4_rcp85_r1i1p1,FORE-SCE-A1B,328449156212.9745,14589938025.023926,313859218187.95056
SHA,ccsm4_rcp85_r1i1p1,FORE-SCE-A2,282247870573.82385,15713829256.837086,266534041316.9868
SHA,ccsm4_rcp85_r1i1p1,FORE-SCE-B1,241867097916.8287,16093952795.344667,225773145121.48398
SHA,ccsm4_rcp85_r1i1p1,GCAM-26,630898799902.0791,12265266192.131638,618633533709.9475
SHA,ccsm4_rcp85_r1i1p1,GCAM-45,438811875595.8494,13620805786.062653,425191069809.7868
SHA,ccsm4_rcp85_r1i1p1,GCAM-ref,322240552768.4419,14457950431.591383,307782602336.85046
SHA,ccsm4_rcp85_r1i1p1,LUCAS-BAU_High-0001,198372477923.904,17174479730.848124,181197998193.05585
SHA,ccsm4_rcp85_r1i1p1,LUCAS-BAU_High-0002,204187864658.90222,16773954822.848946,187413909836.05334
SHA,cesm1-bgc_rcp45_r1i1p1,FORE-SCE-A1B,341609860741.6753,132041816931.56021,209568043810.11508
SHA,cesm1-bgc_rcp45_r1i1p1,FORE-SCE-A2,299396804402.88544,130874387305.18237,168522417097.703
SHA,cesm1-bgc_rcp45_r1i1p1,FORE-SCE-B1,282647561628.27826,143745260661.33633,138902300966.94196
SHA,cesm1-bgc_rcp45_r1i1p1,GCAM-26,567945058560.8107,107699354134.1232,460245704426.68756
SHA,cesm1-bgc_rcp45_r1i1p1,GCAM-45,426081848481.97565,124754767391.10982,301327081090.8657
SHA,cesm1-bgc_rcp45_r1i1p1,GCAM-ref,348344067374.9538,136578243547.94583,211765823827.00797
SHA,cesm1-bgc_rcp45_r1i1p1,LUCAS-BAU_High-0001,261631693200.91605,152632447105.37354,108999246095.54247
SHA,cesm1-bgc_rcp45_r1i1p1,LUCAS-BAU_High-0002,263896096821.8269,150288417456.65167,113607679365.17525
SHA,cesm1-bgc_rcp85_r1i1p1,FORE-SCE-A1B,400614122627.6998,157094974527.38068,243519148100.31924
SHA,cesm1-bgc_rcp85_r1i1p1,FORE-SCE-A2,354165403388.70325,161659693523.5933,192505709865.10983
SHA,cesm1-bgc_rcp85_r1i1p1,FORE-SCE-B1,328509587368.4415,163288391913.51074,165221195454.9308
SHA,cesm1-bgc_rcp85_r1i1p1,GCAM-26,668613690426.7661,139520203496.29303,529093486930.47327
SHA,cesm1-bgc_rcp85_r1i1p1,GCAM-45,485591382414.7703,148346922799.03882,337244459615.7315
SHA,cesm1-bgc_rcp85_r1i1p1,GCAM-ref,406499223068.6231,156074201027.2146,250425022041.40857
SHA,cesm1-bgc_rcp85_r1i1p1,LUCAS-BAU_High-0001,308471752144.72626,172391737406.0641,136080014738.66203
SHA,cesm1-bgc_rcp85_r1i1p1,LUCAS-BAU_High-0002,305464459666.7994,165604065266.74963,139860394400.04962
SHA,cesm1-cam5_rcp26_r1i1p1,FORE-SCE-A1B,220678255635.76328,15852216398.722754,204826039237.04056
SHA,cesm1-cam5_rcp26_r1i1p1,FORE-SCE-A2,183988186341.14423,12976364609.852306,171011821731.2919
SHA,cesm1-cam5_rcp26_r1i1p1,FORE-SCE-B1,155588976550.92886,15126964174.337528,140462012376.59137
SHA,cesm1-cam5_rcp26_r1i1p1,GCAM-26,460424918053.3875,13356099567.87365,447068818485.51385
SHA,cesm1-cam5_rcp26_r1i1p1,GCAM-45,305841557838.35925,12160955737.942493,293680602100.41675
SHA,cesm1-cam5_rcp26_r1i1p1,GCAM-ref,213506538566.0394,13692958970.767624,199813579595.27176
SHA,cesm1-cam5_rcp26_r1i1p1,LUCAS-BAU_High-0001,127236882226.08363,14146383255.707657,113090498970.37596
SHA,cesm1-cam5_rcp26_r1i1p1,LUCAS-BAU_High-0002,132156693965.58443,15555719952.238436,116600974013.346
SHA,cesm1-cam5_rcp45_r1i1p1,FORE-SCE-A1B,317893967178.2292,67603054368.376465,250290912809.8526
SHA,cesm1-cam5_rcp45_r1i1p1,FORE-SCE-A2,268285570848.3779,63762405689.68309,204523165158.6948
SHA,cesm1-cam5_rcp45_r1i1p1,FORE-SCE-B1,250443769507.84604,78863929364.65509,171579840143.1909
SHA,cesm1-cam5_rcp45_r1i1p1,GCAM-26,595557159797.8484,62826481839.53217,532730677958.31616
SHA,cesm1-cam5_rcp45_r1i1p1,GCAM-45,413831043843.94995,61061481278.40026,352769562565.5497
SHA,cesm1-cam5_rcp45_r1i1p1,GCAM-ref,330205718456.886,62464311201.39005,267741407255.4961
SHA,cesm1-cam5_rcp45_r1i1p1,LUCAS-BAU_High-0001,214988467427.80423,78408072620.87476,136580394806.9294
SHA,cesm1-cam5_rcp45_r1i1p1,LUCAS-BAU_High-0002,220554295536.485,77725059319.4325,142829236217.05243
SHA,cesm1-cam5_rcp60_r1i1p1,FORE-SCE-A1B,361079641298.2458,151034990683.02344,210044650615.22247
SHA,cesm1-cam5_rcp60_r1i1p1,FORE-SCE-A2,324315836403.4027,155119100921.69156,169196735481.7112
SHA,cesm1-cam5_rcp60_r1i1p1,FORE-SCE-B1,300934316735.0993,160090354083.24402,140843962651.85535
SHA,cesm1-cam5_rcp60_r1i1p1,GCAM-26,583090305635.5352,132204776537.13211,450885529098.4031
SHA,cesm1-cam5_rcp60_r1i1p1,GCAM-45,440734619567.8576,142097960266.46674,298636659301.391
SHA,cesm1-cam5_rcp60_r1i1p1,GCAM-ref,362950443734.08527,152760963810.37833,210189479923.707
SHA,cesm1-cam5_rcp60_r1i1p1,LUCAS-BAU_High-0001,275365497932.7605,164302437797.68747,111063060135.07295
SHA,cesm1-cam5_rcp60_r1i1p1,LUCAS-BAU_High-0002,281851111405.4917,165802930116.13443,116048181289.35725
SHA,cesm1-cam5_rcp85_r1i1p1,FORE-SCE-A1B,524956169632.1414,243310359007.12662,281645810625.01465
SHA,cesm1-cam5_rcp85_r1i1p1,FORE-SCE-A2,479719922859.0363,247748959761.25897,231970963097.77747
SHA,cesm1-cam5_rcp85_r1i1p1,FORE-SCE-B1,454828140190.7178,259819852664.06265,195008287526.65515
SHA,cesm1-cam5_rcp85_r1i1p1,GCAM-26,806694587255.5919,224651285637.67963,582043301617.9121
SHA,cesm1-cam5_rcp85_r1i1p1,GCAM-45,624757685598.165,238698445738.9123,386059239859.25275
SHA,cesm1-cam5_rcp85_r1i1p1,GCAM-ref,527015498450.255,243158838091.7174,283856660358.5376
SHA,cesm1-cam5_rcp85_r1i1p1,LUCAS-BAU_High-0001,411957587712.61755,259509742883.16528,152447844829.45233
SHA,cesm1-cam5_rcp85_r1i1p1,LUCAS-BAU_High-0002,410240781383.76654,249099528270.63635,161141253113.13013
SHA,cmcc-cm_rcp45_r1i1p1,FORE-SCE-A1B,237639009659.9789,32501696584.165405,205137313075.8135
SHA,cmcc-cm_rcp45_r1i1p1,FORE-SCE-A2,200431705252.02716,36218556679.30652,164213148572.72064
SHA,cmcc-cm_rcp45_r1i1p1,FORE-SCE-B1,172068629774.02054,37561875047.9711,134506754726.04955
SHA,cmcc-cm_rcp45_r1i1p1,GCAM-26,472647664870.8433,28468629005.802704,444179035865.04065
SHA,cmcc-cm_rcp45_r1i1p1,GCAM-45,317937270918.54254,29476383571.438187,288460887347.1045
SHA,cmcc-cm_rcp45_r1i1p1,GCAM-ref,236033070987.20972,34001334087.112434,202031736900.09732
SHA,cmcc-cm_rcp45_r1i1p1,LUCAS-BAU_High-0001,143327166717.23166,38700488322.210106,104626678395.02156
SHA,cmcc-cm_rcp45_r1i1p1,LUCAS-BAU_High-0002,147628806862.70694,38134679777.740005,109494127084.96687
SHA,cmcc-cm_rcp85_r1i1p1,FORE-SCE-A1B,309178331001.46625,47187559871.54135,261990771129.9249
SHA,cmcc-cm_rcp85_r1i1p1,FORE-SCE-A2,271873204325.30087,49351527425.83176,222521676899.46912
SHA,cmcc-cm_rcp85_r1i1p1,FORE-SCE-B1,235531578545.41278,51488995693.44169,184042582851.97107
SHA,cmcc-cm_rcp85_r1i1p1,GCAM-26,588212045833.0216,43170516426.68448,545041529406.3373
SHA,cmcc-cm_rcp85_r1i1p1,GCAM-45,405381728382.0163,34054055553.395073,371327672828.6213
SHA,cmcc-cm_rcp85_r1i1p1,GCAM-ref,307950028412.93066,49750898160.543076,258199130252.38763
SHA,cmcc-cm_rcp85_r1i1p1,LUCAS-BAU_High-0001,197272107451.54813,54019126396.1867,143252981055.3615
SHA,cmcc-cm_rcp85_r1i1p1,LUCAS-BAU_High-0002,199744328046.26138,51208417692.75278,148535910353.5086
SHA,cnrm-cm5_rcp45_r1i1p1,FORE-SCE-A1B,543412904627.3038,396338202550.7336,147074702076.5703
SHA,cnrm-cm5_rcp45_r1i1p1,FORE-SCE-A2,540098181904.60876,425187038477.15826,114911143427.4505
SHA,cnrm-cm5_rcp45_r1i1p1,FORE-SCE-B1,543742269442.77985,449823267255.9184,93919002186.86165
SHA,cnrm-cm5_rcp45_r1i1p1,GCAM-26,710115160728.4435,367811802412.8664,342303358315.5771
SHA,cnrm-cm5_rcp45_r1i1p1,GCAM-45,615839878357.1923,398417203255.8773,217422675101.31503
SHA,cnrm-cm5_rcp45_r1i1p1,GCAM-ref,532225384223.32446,381906751546.5592,150318632676.7654
SHA,cnrm-cm5_rcp45_r1i1p1,LUCAS-BAU_High-0001,488967420576.5473,416331098531.3246,72636322045.22273
SHA,cnrm-cm5_rcp45_r1i1p1,LUCAS-BAU_High-0002,548835308296.8578,472402261545.3015,76433046751.55617
SHA,cnrm-cm5_rcp85_r1i1p1,FORE-SCE-A1B,492032750317.7557,266847245388.52948,225185504929.22614
SHA,cnrm-cm5_rcp85_r1i1p1,FORE-SCE-A2,459456289972.2876,276928567171.3386,182527722800.9489
SHA,cnrm-cm5_rcp85_r1i1p1,FORE-SCE-B1,429341540578.144,273851550467.65237,155489990110.49167
SHA,cnrm-cm5_rcp85_r1i1p1,GCAM-26,726115891976.3162,244196889316.6008,481919002659.7156
SHA,cnrm-cm5_rcp85_r1i1p1,GCAM-45,567479331581.9938,254474924807.625,313004406774.36884
SHA,cnrm-cm5_rcp85_r1i1p1,GCAM-ref,493346310203.1392,269754678338.87537,223591631864.26398
SHA,cnrm-cm5_rcp85_r1i1p1,LUCAS-BAU_High-0001,405988469144.6554,285683849749.2173,120304619395.43808
SHA,cnrm-cm5_rcp85_r1i1p1,LUCAS-BAU_High-0002,411892396614.90454,287234749525.49194,124657647089.41277
SHA,csiro-mk3-6-0_rcp26_r1i1p1,FORE-SCE-A1B,301282015493.8765,12552450020.821556,288729565473.055
SHA,csiro-mk3-6-0_rcp26_r1i1p1,FORE-SCE-A2,249950251013.11676,13267497135.705078,236682753877.41168
SHA,csiro-mk3-6-0_rcp26_r1i1p1,FORE-SCE-B1,217553953236.7761,13404807075.962414,204149146160.8137
SHA,csiro-mk3-6-0_rcp26_r1i1p1,GCAM-26,602613715040.5107,10180736000.000053,592432979040.5106
SHA,csiro-mk3-6-0_rcp26_r1i1p1,GCAM-45,405433666862.0021,10970267027.009369,394463399834.99274
SHA,csiro-mk3-6-0_rcp26_r1i1p1,GCAM-ref,306004780115.5597,12084824019.061998,293919956096.4976
SHA,csiro-mk3-6-0_rcp26_r1i1p1,LUCAS-BAU_High-0001,183668741687.12006,14159286665.093138,169509455022.02692
SHA,csiro-mk3-6-0_rcp26_r1i1p1,LUCAS-BAU_High-0002,189765677620.95786,14091838582.407623,175673839038.55023
SHA,csiro-mk3-6-0_rcp45_r1i1p1,FORE-SCE-A1B,292932103138.8009,2505428861.3293204,290426674277.47156
SHA,csiro-mk3-6-0_rcp45_r1i1p1,FORE-SCE-A2,244144620876.0537,1246430493.6590226,242898190382.3947
SHA,csiro-mk3-6-0_rcp45_r1i1p1,FORE-SCE-B1,204664762320.25784,2611596864.657012,202053165455.60086
SHA,csiro-mk3-6-0_rcp45_r1i1p1,GCAM-26,592708919028.8984,1774884048.0941072,590934034980.8044
SHA,csiro-mk3-6-0_rcp45_r1i1p1,GCAM-45,408163655722.7041,2641109934.786739,405522545787.9174
SHA,csiro-mk3-6-0_rcp45_r1i1p1,GCAM-ref,295432693489.5259,1841054993.3545465,293591638496.1713
SHA,csiro-mk3-6-0_rcp45_r1i1p1,LUCAS-BAU_High-0001,172047128590.25775,3872427081.913717,168174701508.34406
SHA,csiro-mk3-6-0_rcp45_r1i1p1,LUCAS-BAU_High-0002,174900068740.32553,2957561383.7128477,171942507356.61267
SHA,csiro-mk3-6-0_rcp60_r1i1p1,FORE-SCE-A1B,310290666578.4015,50887586208.029816,259403080370.3716
SHA,csiro-mk3-6-0_rcp60_r1i1p1,FORE-SCE-A2,266663059409.60104,51653355756.219376,215009703653.38168
SHA,csiro-mk3-6-0_rcp60_r1i1p1,FORE-SCE-B1,237390237036.36063,58854995519.159096,178535241517.20154
SHA,csiro-mk3-6-0_rcp60_r1i1p1,GCAM-26,597217744547.2404,52817047502.561966,544400697044.67834
SHA,csiro-mk3-6-0_rcp60_r1i1p1,GCAM-45,418439412913.3259,54802683573.235466,363636729340.09045
SHA,csiro-mk3-6-0_rcp60_r1i1p1,GCAM-ref,309168504890.6933,50809028617.176315,258359476273.51703
SHA,csiro-mk3-6-0_rcp60_r1i1p1,LUCAS-BAU_High-0001,196854117769.52582,51561430894.0523,145292686875.47354
SHA,csiro-mk3-6-0_rcp60_r1i1p1,LUCAS-BAU_High-0002,200852899945.95895,51365177867.36131,149487722078.59772
SHA,csiro-mk3-6-0_rcp85_r1i1p1,FORE-SCE-A1B,360706405538.5717,79449370177.70804,281257035360.8638
SHA,csiro-mk3-6-0_rcp85_r1i1p1,FORE-SCE-A2,322728842425.7865,86986602146.74203,235742240279.04453
SHA,csiro-mk3-6-0_rcp85_r1i1p1,FORE-SCE-B1,279557268281.54803,88851808505.33517,190705459776.2129
SHA,csiro-mk3-6-0_rcp85_r1i1p1,GCAM-26,649701578820.6979,57281853752.01697,592419725068.6807
SHA,csiro-mk3-6-0_rcp85_r1i1p1,GCAM-45,465761243262.5912,70300511362.81747,395460731899.77374
SHA,csiro-mk3-6-0_rcp85_r1i1p1,GCAM-ref,367035682339.38434,78091686097.87582,288943996241.5084
SHA,csiro-mk3-6-0_rcp85_r1i1p1,LUCAS-BAU_High-0001,249270974066.53354,93976769057.62425,155294205008.90924
SHA,csiro-mk3-6-0_rcp85_r1i1p1,LUCAS-BAU_High-0002,251201090525.86072,91561559179.4697,159639531346.39102
SHA,fgoals-g2_rcp26_r1i1p1,FORE-SCE-A1B,236635754476.90732,15619358218.227076,221016396258.68027
SHA,fgoals-g2_rcp26_r1i1p1,FORE-SCE-A2,192751412124.01773,16448881644.77517,176302530479.24255
SHA,fgoals-g2_rcp26_r1i1p1,FORE-SCE-B1,169040952543.7499,16357022534.617836,152683930009.13205
SHA,fgoals-g2_rcp26_r1i1p1,GCAM-26,474505224791.79846,14331791861.680391,460173432930.1179
SHA,fgoals-g2_rcp26_r1i1p1,GCAM-45,326810689222.606,15317994681.652891,311492694540.9532
SHA,fgoals-g2_rcp26_r1i1p1,GCAM-ref,246928884758.32272,15370022615.836008,231558862142.48672
SHA,fgoals-g2_rcp26_r1i1p1,LUCAS-BAU_High-0001,139490420508.5514,16336358572.89238,123154061935.65901
SHA,fgoals-g2_rcp26_r1i1p1,LUCAS-BAU_High-0002,145336586571.6874,17473111569.68711,127863475002.00024
